#t, x, y, z, vx, vy, vz
0.00 -378.00 611.00 -285.00 73.00 -72.00 50.00
0.01 -377.00 610.00 -284.00 73.00 -72.00 49.00
0.03 -376.00 609.00 -283.00 71.00 -73.00 52.00
0.04 -375.00 608.00 -282.00 70.00 -72.00 51.00
0.06 -374.00 607.00 -282.00 75.00 -75.00 51.00
0.07 -372.00 606.00 -281.00 74.00 -77.00 55.00
0.09 -371.00 605.00 -280.00 73.00 -78.00 55.00
0.10 -370.00 604.00 -280.00 73.00 -78.00 54.00
0.11 -369.00 603.00 -279.00 74.00 -77.00 52.00
0.13 -368.00 602.00 -278.00 72.00 -76.00 51.00
0.14 -367.00 601.00 -277.00 72.00 -75.00 51.00
0.16 -366.00 600.00 -277.00 76.00 -78.00 53.00
0.17 -365.00 599.00 -276.00 75.00 -77.00 51.00
0.19 -364.00 598.00 -275.00 73.00 -78.00 53.00
0.20 -363.00 597.00 -275.00 78.00 -79.00 51.00
0.21 -362.00 595.00 -274.00 72.00 -77.00 52.00
0.23 -361.00 594.00 -273.00 73.00 -77.00 50.00
0.24 -360.00 593.00 -273.00 75.00 -79.00 50.00
0.26 -359.00 592.00 -272.00 73.00 -78.00 49.00
0.27 -357.00 591.00 -271.00 73.00 -80.00 52.00
0.29 -356.00 590.00 -270.00 71.00 -80.00 51.00
0.30 -355.00 589.00 -270.00 73.00 -83.00 53.00
0.31 -354.00 588.00 -269.00 70.00 -79.00 50.00
0.33 -353.00 586.00 -268.00 70.00 -81.00 52.00
0.34 -352.00 585.00 -268.00 71.00 -83.00 53.00
0.36 -351.00 584.00 -267.00 72.00 -83.00 50.00
0.37 -350.00 583.00 -266.00 69.00 -82.00 51.00
0.39 -349.00 582.00 -266.00 72.00 -83.00 50.00
0.40 -348.00 581.00 -265.00 70.00 -83.00 50.00
0.41 -347.00 580.00 -264.00 68.00 -81.00 47.00
0.43 -346.00 578.00 -264.00 69.00 -83.00 47.00
0.44 -345.00 577.00 -263.00 69.00 -83.00 46.00
0.46 -344.00 576.00 -262.00 66.00 -83.00 46.00
0.47 -343.00 575.00 -262.00 70.00 -84.00 44.00
0.49 -342.00 574.00 -261.00 71.00 -84.00 45.00
0.50 -341.00 572.00 -260.00 65.00 -83.00 45.00
0.51 -340.00 571.00 -260.00 69.00 -85.00 47.00
0.53 -339.00 570.00 -259.00 68.00 -85.00 47.00
0.54 -338.00 569.00 -258.00 67.00 -84.00 45.00
0.56 -337.00 567.00 -258.00 68.00 -85.00 47.00
0.57 -337.00 566.00 -257.00 65.00 -82.00 43.00
0.59 -336.00 565.00 -256.00 66.00 -82.00 43.00
0.60 -335.00 564.00 -255.00 64.00 -82.00 44.00
0.61 -334.00 563.00 -255.00 66.00 -83.00 44.00
0.63 -333.00 561.00 -254.00 62.00 -83.00 45.00
0.64 -332.00 560.00 -254.00 65.00 -85.00 45.00
0.66 -331.00 559.00 -253.00 62.00 -83.00 44.00
0.67 -330.00 558.00 -252.00 61.00 -82.00 43.00
0.69 -329.00 557.00 -252.00 63.00 -84.00 44.00
0.70 -329.00 556.00 -251.00 61.00 -82.00 42.00
0.71 -328.00 554.00 -250.00 56.00 -81.00 44.00
0.73 -327.00 553.00 -250.00 56.00 -83.00 45.00
0.74 -326.00 552.00 -249.00 55.00 -81.00 43.00
0.76 -325.00 551.00 -249.00 57.00 -83.00 44.00
0.77 -325.00 550.00 -248.00 55.00 -80.00 40.00
0.79 -324.00 549.00 -247.00 53.00 -80.00 42.00
0.80 -323.00 548.00 -247.00 53.00 -81.00 42.00
0.81 -322.00 546.00 -246.00 48.00 -79.00 43.00
0.83 -322.00 545.00 -246.00 49.00 -78.00 42.00
0.84 -321.00 544.00 -245.00 47.00 -75.00 40.00
0.86 -320.00 543.00 -244.00 46.00 -76.00 42.00
0.87 -320.00 542.00 -244.00 46.00 -72.00 39.00
0.89 -319.00 541.00 -243.00 45.00 -72.00 39.00
0.90 -318.00 540.00 -243.00 49.00 -74.00 39.00
0.91 -318.00 539.00 -242.00 47.00 -72.00 38.00
0.93 -317.00 538.00 -242.00 48.00 -73.00 38.00
0.94 -316.00 537.00 -241.00 47.00 -72.00 41.00
0.96 -316.00 536.00 -240.00 46.00 -69.00 38.00
0.97 -315.00 535.00 -240.00 48.00 -72.00 41.00
0.99 -314.00 534.00 -239.00 46.00 -69.00 43.00
1.00 -314.00 533.00 -238.00 45.00 -68.00 42.00
1.01 -313.00 532.00 -238.00 45.00 -68.00 43.00
1.03 -312.00 531.00 -237.00 43.00 -69.00 44.00
1.04 -312.00 530.00 -236.00 41.00 -66.00 45.00
1.06 -311.00 529.00 -236.00 43.00 -68.00 49.00
1.07 -310.00 528.00 -235.00 42.00 -66.00 49.00
1.09 -310.00 527.00 -234.00 43.00 -63.00 46.00
1.10 -309.00 526.00 -234.00 45.00 -65.00 50.00
1.11 -308.00 525.00 -233.00 46.00 -65.00 51.00
1.13 -308.00 524.00 -232.00 45.00 -63.00 50.00
1.14 -307.00 523.00 -232.00 47.00 -63.00 49.00
1.16 -307.00 522.00 -231.00 44.00 -63.00 50.00
1.17 -306.00 521.00 -230.00 46.00 -64.00 53.00
1.19 -305.00 520.00 -229.00 45.00 -64.00 54.00
1.20 -304.00 519.00 -229.00 48.00 -66.00 57.00
1.21 -304.00 519.00 -228.00 50.00 -63.00 53.00
1.23 -303.00 518.00 -227.00 49.00 -63.00 56.00
1.24 -303.00 517.00 -226.00 47.00 -62.00 55.00
1.26 -302.00 516.00 -225.00 46.00 -62.00 56.00
1.27 -301.00 515.00 -225.00 47.00 -63.00 58.00
1.29 -300.00 514.00 -224.00 48.00 -62.00 60.00
1.30 -300.00 513.00 -223.00 47.00 -60.00 56.00
1.31 -299.00 512.00 -222.00 49.00 -61.00 58.00
1.33 -298.00 511.00 -222.00 50.00 -62.00 61.00
1.34 -298.00 511.00 -221.00 54.00 -59.00 56.00
1.36 -297.00 510.00 -220.00 54.00 -61.00 58.00
1.37 -296.00 509.00 -219.00 53.00 -63.00 61.00
1.39 -295.00 508.00 -218.00 52.00 -63.00 62.00
1.40 -294.00 507.00 -217.00 55.00 -64.00 63.00
1.41 -294.00 506.00 -216.00 52.00 -62.00 62.00
1.43 -293.00 505.00 -216.00 56.00 -63.00 63.00
1.44 -292.00 504.00 -214.00 53.00 -62.00 64.00
1.46 -292.00 504.00 -214.00 59.00 -63.00 62.00
1.47 -291.00 503.00 -213.00 59.00 -63.00 63.00
1.49 -290.00 502.00 -212.00 58.00 -61.00 61.00
1.50 -289.00 501.00 -211.00 59.00 -63.00 62.00
1.51 -288.00 500.00 -210.00 58.00 -63.00 63.00
1.53 -287.00 499.00 -209.00 58.00 -63.00 65.00
1.54 -286.00 498.00 -208.00 59.00 -62.00 65.00
1.56 -286.00 497.00 -207.00 60.00 -61.00 62.00
1.57 -285.00 496.00 -206.00 58.00 -62.00 63.00
1.59 -284.00 495.00 -206.00 63.00 -63.00 64.00
1.60 -283.00 495.00 -205.00 63.00 -64.00 62.00
1.61 -282.00 494.00 -204.00 63.00 -65.00 65.00
1.63 -281.00 493.00 -203.00 64.00 -65.00 65.00
1.64 -280.00 492.00 -202.00 65.00 -66.00 66.00
1.66 -279.00 491.00 -201.00 65.00 -66.00 67.00
1.67 -278.00 490.00 -200.00 67.00 -66.00 66.00
1.69 -277.00 489.00 -199.00 67.00 -68.00 68.00
1.70 -277.00 488.00 -198.00 68.00 -65.00 64.00
1.71 -276.00 487.00 -197.00 70.00 -67.00 66.00
1.73 -275.00 486.00 -196.00 70.00 -66.00 65.00
1.74 -274.00 485.00 -195.00 71.00 -67.00 67.00
1.76 -273.00 484.00 -194.00 71.00 -68.00 66.00
1.77 -272.00 483.00 -193.00 73.00 -69.00 67.00
1.79 -271.00 482.00 -192.00 73.00 -68.00 67.00
1.80 -270.00 481.00 -191.00 75.00 -69.00 67.00
1.81 -269.00 480.00 -190.00 74.00 -69.00 67.00
1.83 -268.00 479.00 -189.00 74.00 -68.00 69.00
1.84 -267.00 478.00 -188.00 74.00 -69.00 68.00
1.86 -265.00 477.00 -187.00 75.00 -72.00 71.00
1.87 -264.00 476.00 -186.00 76.00 -71.00 72.00
1.89 -263.00 475.00 -185.00 77.00 -71.00 73.00
1.90 -262.00 474.00 -184.00 77.00 -72.00 73.00
1.91 -261.00 473.00 -183.00 76.00 -71.00 72.00
1.93 -260.00 472.00 -182.00 77.00 -71.00 71.00
1.94 -259.00 471.00 -181.00 79.00 -72.00 71.00
1.96 -258.00 470.00 -180.00 77.00 -71.00 71.00
1.97 -257.00 469.00 -179.00 78.00 -74.00 71.00
1.99 -256.00 468.00 -178.00 79.00 -73.00 69.00
2.00 -254.00 467.00 -177.00 78.00 -74.00 73.00
2.01 -253.00 466.00 -176.00 79.00 -74.00 72.00
2.03 -252.00 465.00 -175.00 80.00 -76.00 72.00
2.04 -251.00 464.00 -174.00 80.00 -76.00 71.00
2.06 -250.00 463.00 -173.00 81.00 -77.00 72.00
2.07 -249.00 462.00 -172.00 82.00 -77.00 71.00
2.09 -248.00 461.00 -171.00 84.00 -77.00 70.00
2.10 -246.00 459.00 -170.00 83.00 -80.00 75.00
2.11 -245.00 458.00 -169.00 82.00 -80.00 74.00
2.13 -244.00 457.00 -168.00 84.00 -79.00 73.00
2.14 -243.00 456.00 -167.00 84.00 -81.00 74.00
2.16 -241.00 455.00 -166.00 85.00 -82.00 77.00
2.17 -240.00 454.00 -165.00 87.00 -82.00 75.00
2.19 -239.00 452.00 -164.00 86.00 -82.00 75.00
2.20 -238.00 451.00 -163.00 86.00 -82.00 75.00
2.21 -237.00 450.00 -162.00 86.00 -82.00 72.00
2.23 -235.00 449.00 -161.00 87.00 -82.00 74.00
2.24 -234.00 448.00 -160.00 89.00 -83.00 74.00
2.26 -233.00 447.00 -159.00 91.00 -83.00 73.00
2.27 -231.00 445.00 -157.00 87.00 -83.00 75.00
2.29 -230.00 444.00 -156.00 87.00 -83.00 73.00
2.30 -229.00 443.00 -155.00 88.00 -84.00 73.00
2.31 -228.00 442.00 -154.00 91.00 -84.00 70.00
2.33 -227.00 441.00 -153.00 93.00 -84.00 70.00
2.34 -225.00 439.00 -152.00 92.00 -87.00 75.00
2.36 -224.00 438.00 -151.00 92.00 -88.00 72.00
2.37 -223.00 437.00 -150.00 92.00 -88.00 72.00
2.39 -221.00 436.00 -149.00 92.00 -90.00 73.00
2.40 -220.00 434.00 -148.00 90.00 -92.00 75.00
2.41 -219.00 433.00 -147.00 89.00 -91.00 72.00
2.43 -218.00 432.00 -146.00 91.00 -91.00 70.00
2.44 -216.00 430.00 -145.00 89.00 -92.00 73.00
2.46 -215.00 429.00 -144.00 88.00 -93.00 74.00
2.47 -214.00 428.00 -143.00 89.00 -93.00 72.00
2.49 -212.00 426.00 -141.00 88.00 -94.00 75.00
2.50 -211.00 425.00 -140.00 90.00 -94.00 74.00
2.51 -210.00 424.00 -139.00 89.00 -93.00 72.00
2.53 -209.00 422.00 -138.00 90.00 -93.00 72.00
2.54 -207.00 421.00 -137.00 90.00 -95.00 76.00
2.56 -206.00 420.00 -136.00 94.00 -97.00 73.00
2.57 -205.00 418.00 -135.00 92.00 -96.00 73.00
2.59 -203.00 417.00 -134.00 92.00 -99.00 75.00
2.60 -202.00 416.00 -133.00 92.00 -98.00 74.00
2.61 -201.00 414.00 -132.00 92.00 -97.00 73.00
2.63 -199.00 413.00 -131.00 93.00 -98.00 74.00
2.64 -198.00 411.00 -130.00 92.00 -97.00 74.00
2.66 -197.00 410.00 -129.00 94.00 -98.00 74.00
2.67 -195.00 408.00 -128.00 93.00 -100.00 77.00
2.69 -194.00 407.00 -127.00 93.00 -98.00 74.00
2.70 -193.00 406.00 -126.00 96.00 -98.00 73.00
2.71 -191.00 404.00 -124.00 91.00 -99.00 75.00
2.73 -190.00 403.00 -123.00 93.00 -99.00 73.00
2.74 -189.00 401.00 -122.00 94.00 -100.00 75.00
2.76 -187.00 400.00 -121.00 93.00 -100.00 76.00
2.77 -186.00 398.00 -120.00 94.00 -101.00 76.00
2.79 -185.00 397.00 -119.00 94.00 -101.00 76.00
2.80 -183.00 396.00 -118.00 96.00 -103.00 77.00
2.81 -182.00 394.00 -117.00 96.00 -102.00 76.00
2.83 -181.00 393.00 -116.00 98.00 -103.00 74.00
2.84 -179.00 391.00 -115.00 95.00 -105.00 79.00
2.86 -178.00 390.00 -114.00 99.00 -105.00 76.00
2.87 -176.00 388.00 -112.00 93.00 -104.00 80.00
2.89 -175.00 387.00 -111.00 96.00 -106.00 77.00
2.90 -174.00 385.00 -110.00 96.00 -104.00 77.00
2.91 -172.00 384.00 -109.00 97.00 -106.00 77.00
2.93 -171.00 382.00 -108.00 96.00 -106.00 77.00
2.94 -170.00 380.00 -107.00 97.00 -106.00 77.00
2.96 -168.00 379.00 -106.00 99.00 -109.00 78.00
2.97 -167.00 377.00 -104.00 94.00 -107.00 77.00
2.99 -165.00 376.00 -103.00 95.00 -110.00 80.00
3.00 -164.00 374.00 -102.00 96.00 -110.00 79.00
3.01 -162.00 373.00 -101.00 97.00 -113.00 82.00
3.03 -161.00 371.00 -100.00 98.00 -114.00 80.00
3.04 -159.00 369.00 -99.00 97.00 -114.00 83.00
3.06 -158.00 368.00 -98.00 102.00 -115.00 82.00
3.07 -157.00 366.00 -96.00 97.00 -112.00 82.00
3.09 -155.00 364.00 -95.00 99.00 -115.00 85.00
3.10 -154.00 362.00 -94.00 101.00 -115.00 83.00
3.11 -152.00 361.00 -93.00 103.00 -116.00 83.00
3.13 -151.00 359.00 -92.00 104.00 -118.00 82.00
3.14 -149.00 357.00 -90.00 99.00 -119.00 85.00
3.16 -148.00 356.00 -89.00 103.00 -119.00 83.00
3.17 -146.00 354.00 -88.00 104.00 -122.00 86.00
3.19 -145.00 352.00 -87.00 102.00 -121.00 83.00
3.20 -144.00 351.00 -85.00 101.00 -120.00 82.00
3.21 -142.00 349.00 -84.00 102.00 -121.00 83.00
3.23 -141.00 347.00 -83.00 102.00 -122.00 84.00
3.24 -139.00 345.00 -82.00 102.00 -125.00 87.00
3.26 -138.00 343.00 -81.00 103.00 -126.00 87.00
3.27 -136.00 342.00 -79.00 104.00 -127.00 87.00
3.29 -134.00 340.00 -78.00 107.00 -131.00 88.00
3.30 -133.00 338.00 -77.00 108.00 -132.00 90.00
3.31 -131.00 336.00 -76.00 109.00 -135.00 92.00
3.33 -130.00 334.00 -74.00 107.00 -132.00 88.00
3.34 -128.00 332.00 -73.00 110.00 -135.00 90.00
3.36 -127.00 330.00 -72.00 111.00 -136.00 89.00
3.37 -125.00 328.00 -71.00 113.00 -139.00 90.00
3.39 -124.00 326.00 -69.00 111.00 -137.00 88.00
3.40 -122.00 324.00 -68.00 113.00 -139.00 88.00
3.41 -120.00 322.00 -67.00 114.00 -144.00 91.00
3.43 -119.00 320.00 -65.00 112.00 -144.00 88.00
3.44 -117.00 318.00 -64.00 115.00 -147.00 89.00
3.46 -116.00 316.00 -63.00 117.00 -149.00 87.00
3.47 -114.00 314.00 -62.00 119.00 -152.00 88.00
3.49 -112.00 312.00 -61.00 119.00 -157.00 89.00
3.50 -111.00 310.00 -59.00 119.00 -157.00 85.00
3.51 -109.00 307.00 -58.00 117.00 -162.00 89.00
3.53 -107.00 305.00 -57.00 118.00 -164.00 90.00
3.54 -105.00 303.00 -55.00 118.00 -167.00 92.00
3.56 -104.00 300.00 -54.00 118.00 -167.00 89.00
3.57 -102.00 298.00 -53.00 117.00 -170.00 90.00
3.59 -100.00 296.00 -52.00 120.00 -174.00 90.00
3.60 -99.00 293.00 -51.00 121.00 -175.00 88.00
3.61 -97.00 291.00 -49.00 119.00 -177.00 87.00
3.63 -95.00 288.00 -48.00 122.00 -180.00 88.00
3.64 -93.00 285.00 -47.00 122.00 -184.00 89.00
3.66 -92.00 283.00 -46.00 124.00 -186.00 84.00
3.67 -90.00 280.00 -45.00 125.00 -190.00 84.00
3.69 -88.00 277.00 -43.00 122.00 -192.00 84.00
3.70 -86.00 275.00 -42.00 125.00 -198.00 83.00
3.71 -84.00 272.00 -41.00 125.00 -201.00 83.00
3.73 -83.00 269.00 -40.00 127.00 -205.00 78.00
3.74 -81.00 266.00 -39.00 127.00 -210.00 79.00
3.76 -79.00 263.00 -38.00 126.00 -216.00 78.00
3.77 -77.00 260.00 -37.00 127.00 -223.00 73.00
3.79 -75.00 256.00 -36.00 126.00 -230.00 73.00
3.80 -74.00 253.00 -35.00 126.00 -232.00 69.00
3.81 -72.00 250.00 -34.00 128.00 -240.00 66.00
3.83 -70.00 246.00 -33.00 126.00 -248.00 65.00
3.84 -68.00 243.00 -32.00 128.00 -254.00 60.00
3.86 -66.00 239.00 -31.00 123.00 -261.00 55.00
3.87 -65.00 235.00 -30.00 121.00 -269.00 48.00
3.89 -63.00 231.00 -30.00 117.00 -278.00 42.00
3.90 -62.00 227.00 -29.00 111.00 -285.00 33.00
3.91 -60.00 223.00 -28.00 102.00 -293.00 26.00
3.93 -58.00 219.00 -28.00 95.00 -300.00 15.00
3.94 -57.00 215.00 -28.00 88.00 -303.00 -2.00
3.96 -56.00 211.00 -28.00 76.00 -303.00 -17.00
3.97 -55.00 206.00 -28.00 61.00 -300.00 -30.00
3.99 -54.00 202.00 -29.00 53.00 -295.00 -43.00
4.00 -54.00 198.00 -29.00 41.00 -283.00 -55.00
4.01 -53.00 194.00 -30.00 34.00 -277.00 -60.00
4.03 -53.00 190.00 -31.00 26.00 -264.00 -67.00
4.04 -52.00 186.00 -32.00 19.00 -254.00 -65.00
4.06 -52.00 183.00 -33.00 17.00 -242.00 -69.00
4.07 -52.00 180.00 -34.00 15.00 -230.00 -71.00
4.09 -52.00 176.00 -35.00 12.00 -217.00 -69.00
4.10 -52.00 173.00 -37.00 16.00 -211.00 -67.00
4.11 -51.00 170.00 -37.00 12.00 -201.00 -64.00
4.13 -51.00 167.00 -38.00 14.00 -193.00 -61.00
4.14 -51.00 165.00 -39.00 18.00 -185.00 -60.00
4.16 -51.00 162.00 -40.00 19.00 -177.00 -57.00
4.17 -51.00 160.00 -41.00 21.00 -172.00 -54.00
4.19 -51.00 157.00 -41.00 19.00 -165.00 -51.00
4.20 -50.00 155.00 -42.00 20.00 -163.00 -46.00
4.21 -50.00 152.00 -43.00 23.00 -158.00 -42.00
4.23 -50.00 150.00 -43.00 21.00 -151.00 -38.00
4.24 -49.00 148.00 -44.00 24.00 -149.00 -33.00
4.26 -49.00 146.00 -44.00 22.00 -143.00 -32.00
4.27 -49.00 144.00 -45.00 25.00 -140.00 -30.00
4.29 -48.00 142.00 -45.00 23.00 -136.00 -24.00
4.30 -48.00 140.00 -45.00 20.00 -132.00 -22.00
4.31 -48.00 138.00 -46.00 22.00 -127.00 -22.00
4.33 -48.00 137.00 -46.00 24.00 -123.00 -19.00
4.34 -47.00 135.00 -46.00 22.00 -120.00 -15.00
4.36 -47.00 133.00 -47.00 23.00 -115.00 -14.00
4.37 -47.00 131.00 -47.00 21.00 -111.00 -14.00
4.39 -46.00 130.00 -47.00 20.00 -109.00 -10.00
4.40 -46.00 128.00 -47.00 19.00 -106.00 -9.00
4.41 -46.00 127.00 -47.00 20.00 -101.00 -8.00
4.43 -45.00 125.00 -47.00 17.00 -99.00 -3.00
4.44 -45.00 124.00 -47.00 17.00 -94.00 -4.00
4.46 -45.00 123.00 -47.00 19.00 -92.00 -4.00
4.47 -45.00 121.00 -47.00 17.00 -88.00 -3.00
4.49 -44.00 120.00 -47.00 19.00 -85.00 -1.00
4.50 -44.00 119.00 -47.00 19.00 -82.00 1.00
4.51 -44.00 118.00 -47.00 18.00 -80.00 -1.00
4.53 -44.00 116.00 -47.00 14.00 -76.00 1.00
4.54 -44.00 115.00 -47.00 16.00 -73.00 0.00
4.56 -43.00 114.00 -47.00 16.00 -71.00 4.00
4.57 -43.00 113.00 -47.00 15.00 -66.00 5.00
4.59 -43.00 112.00 -47.00 15.00 -63.00 5.00
4.60 -42.00 111.00 -47.00 16.00 -62.00 7.00
4.61 -42.00 111.00 -47.00 16.00 -59.00 6.00
4.63 -42.00 110.00 -47.00 17.00 -59.00 10.00
4.64 -42.00 109.00 -47.00 16.00 -55.00 9.00
4.66 -42.00 108.00 -47.00 15.00 -51.00 10.00
4.67 -42.00 108.00 -46.00 14.00 -48.00 8.00
4.69 -41.00 107.00 -46.00 13.00 -49.00 13.00
4.70 -41.00 106.00 -46.00 14.00 -47.00 14.00
4.71 -41.00 105.00 -46.00 14.00 -44.00 14.00
4.73 -41.00 105.00 -46.00 15.00 -40.00 13.00
4.74 -40.00 104.00 -46.00 15.00 -39.00 15.00
4.76 -40.00 104.00 -45.00 13.00 -37.00 14.00
4.77 -40.00 103.00 -45.00 13.00 -34.00 14.00
4.79 -40.00 103.00 -45.00 13.00 -32.00 14.00
4.80 -40.00 102.00 -45.00 15.00 -29.00 13.00
4.81 -39.00 102.00 -45.00 16.00 -30.00 16.00
4.83 -39.00 102.00 -44.00 15.00 -26.00 16.00
4.84 -39.00 101.00 -44.00 15.00 -23.00 16.00
4.86 -39.00 101.00 -44.00 17.00 -22.00 16.00
4.87 -38.00 101.00 -44.00 17.00 -20.00 18.00
4.89 -38.00 101.00 -44.00 20.00 -18.00 17.00
4.90 -38.00 100.00 -43.00 15.00 -15.00 16.00
4.91 -38.00 100.00 -43.00 16.00 -12.00 17.00
4.93 -38.00 100.00 -43.00 18.00 -11.00 16.00
4.94 -37.00 100.00 -43.00 19.00 -11.00 18.00
4.96 -37.00 100.00 -42.00 18.00 -8.00 19.00
4.97 -37.00 100.00 -42.00 19.00 -7.00 18.00
4.99 -36.00 99.00 -42.00 18.00 -6.00 23.00
5.00 -36.00 99.00 -42.00 20.00 -5.00 22.00
5.01 -36.00 99.00 -41.00 18.00 -1.00 23.00
5.03 -36.00 99.00 -41.00 19.00 -0.00 22.00
5.04 -35.00 99.00 -41.00 19.00 1.00 26.00
5.06 -35.00 99.00 -40.00 17.00 3.00 25.00
5.07 -35.00 99.00 -40.00 19.00 6.00 24.00
5.09 -34.00 100.00 -40.00 21.00 7.00 26.00
5.10 -34.00 100.00 -39.00 22.00 8.00 26.00
5.11 -34.00 100.00 -39.00 23.00 11.00 26.00
5.13 -33.00 100.00 -39.00 23.00 11.00 29.00
5.14 -33.00 100.00 -38.00 22.00 14.00 28.00
5.16 -33.00 100.00 -38.00 24.00 15.00 30.00
5.17 -32.00 101.00 -37.00 26.00 16.00 30.00
5.19 -32.00 101.00 -37.00 25.00 17.00 31.00
5.20 -32.00 101.00 -37.00 27.00 18.00 31.00
5.21 -31.00 101.00 -36.00 26.00 19.00 34.00
5.23 -31.00 102.00 -36.00 27.00 21.00 36.00
5.24 -31.00 102.00 -35.00 26.00 24.00 35.00
5.26 -30.00 102.00 -35.00 27.00 25.00 37.00
5.27 -30.00 103.00 -34.00 27.00 27.00 37.00
5.29 -29.00 103.00 -34.00 27.00 28.00 39.00
5.30 -29.00 104.00 -33.00 29.00 31.00 37.00
5.31 -28.00 104.00 -33.00 29.00 32.00 42.00
5.33 -28.00 104.00 -32.00 29.00 34.00 41.00
5.34 -28.00 105.00 -32.00 32.00 36.00 41.00
5.36 -27.00 106.00 -31.00 31.00 37.00 42.00
5.37 -27.00 106.00 -30.00 31.00 42.00 41.00
5.39 -26.00 107.00 -30.00 34.00 42.00 43.00
5.40 -26.00 107.00 -29.00 32.00 45.00 43.00
5.41 -25.00 108.00 -29.00 35.00 44.00 47.00
5.43 -25.00 109.00 -28.00 35.00 48.00 46.00
5.44 -25.00 109.00 -27.00 34.00 49.00 46.00
5.46 -24.00 110.00 -27.00 36.00 49.00 50.00
5.47 -23.00 111.00 -26.00 36.00 51.00 50.00
5.49 -23.00 111.00 -25.00 38.00 55.00 49.00
5.50 -22.00 112.00 -25.00 38.00 55.00 53.00
5.51 -22.00 113.00 -24.00 37.00 60.00 53.00
5.53 -21.00 114.00 -23.00 40.00 62.00 56.00
5.54 -21.00 115.00 -22.00 41.00 66.00 56.00
5.56 -20.00 116.00 -22.00 43.00 66.00 59.00
5.57 -20.00 117.00 -21.00 45.00 71.00 58.00
5.59 -19.00 118.00 -20.00 45.00 74.00 61.00
5.60 -19.00 119.00 -19.00 44.00 79.00 60.00
5.61 -18.00 120.00 -18.00 45.00 80.00 65.00
5.63 -17.00 121.00 -17.00 46.00 83.00 69.00
5.64 -17.00 123.00 -16.00 49.00 88.00 67.00
5.66 -16.00 124.00 -15.00 48.00 91.00 70.00
5.67 -15.00 125.00 -14.00 49.00 94.00 74.00
5.69 -15.00 127.00 -14.00 56.00 101.00 74.00
5.70 -14.00 128.00 -12.00 54.00 106.00 78.00
5.71 -13.00 130.00 -11.00 61.00 111.00 80.00
5.73 -12.00 131.00 -10.00 62.00 117.00 83.00
5.74 -11.00 133.00 -9.00 66.00 123.00 87.00
5.76 -10.00 135.00 -8.00 72.00 130.00 91.00
5.77 -9.00 137.00 -6.00 76.00 138.00 96.00
5.79 -8.00 139.00 -5.00 81.00 147.00 100.00
5.80 -7.00 141.00 -4.00 90.00 157.00 106.00
5.81 -6.00 143.00 -2.00 101.00 170.00 113.00
5.83 -4.00 146.00 -0.00 119.00 186.00 125.00
5.84 -3.00 148.00 1.00 154.00 200.00 141.00
5.86 -1.00 151.00 3.00 199.00 149.00 133.00
5.87 2.00 153.00 5.00 185.00 96.00 111.00
5.89 4.00 154.00 6.00 166.00 67.00 94.00
5.90 7.00 155.00 7.00 146.00 47.00 82.00
5.91 9.00 156.00 8.00 134.00 32.00 72.00
5.93 11.00 157.00 9.00 123.00 19.00 66.00
5.94 12.00 157.00 10.00 107.00 10.00 58.00
5.96 14.00 158.00 11.00 97.00 1.00 58.00
5.97 15.00 158.00 11.00 82.00 -2.00 48.00
5.99 17.00 158.00 12.00 66.00 -7.00 47.00
6.00 18.00 158.00 12.00 52.00 -7.00 40.00
6.01 19.00 158.00 13.00 40.00 -8.00 36.00
6.03 20.00 157.00 13.00 28.00 -10.00 30.00
6.04 20.00 157.00 13.00 22.00 -14.00 26.00
6.06 21.00 157.00 14.00 14.00 -18.00 23.00
6.07 22.00 156.00 14.00 8.00 -21.00 22.00
6.09 22.00 156.00 14.00 4.00 -27.00 17.00
6.10 23.00 155.00 15.00 -3.00 -33.00 15.00
6.11 23.00 155.00 15.00 -6.00 -39.00 13.00
6.13 24.00 154.00 15.00 -11.00 -46.00 12.00
6.14 24.00 153.00 15.00 -14.00 -51.00 9.00
6.16 24.00 152.00 16.00 -20.00 -60.00 6.00
6.17 24.00 151.00 16.00 -24.00 -69.00 2.00
6.19 24.00 150.00 16.00 -32.00 -79.00 -2.00
6.20 24.00 148.00 16.00 -41.00 -94.00 -10.00
6.21 24.00 147.00 16.00 -52.00 -116.00 -22.00
6.23 24.00 145.00 16.00 -73.00 -174.00 -44.00
6.24 24.00 144.00 15.00 -10.00 -103.00 -41.00
6.26 24.00 143.00 15.00 21.00 -48.00 -9.00
6.27 24.00 142.00 16.00 42.00 -17.00 21.00
6.29 25.00 141.00 16.00 56.00 1.00 52.00
6.30 25.00 141.00 16.00 68.00 16.00 73.00
6.31 26.00 141.00 17.00 51.00 23.00 74.00
6.33 26.00 141.00 17.00 38.00 -13.00 24.00
6.34 27.00 140.00 18.00 34.00 -11.00 39.00
6.36 27.00 140.00 18.00 36.00 -8.00 49.00
6.37 28.00 139.00 18.00 37.00 -14.00 54.00
6.39 28.00 139.00 19.00 33.00 -13.00 58.00
6.40 29.00 139.00 19.00 32.00 -17.00 55.00
6.41 29.00 139.00 20.00 31.00 -20.00 50.00
6.43 30.00 138.00 20.00 29.00 -28.00 43.00
6.44 30.00 138.00 20.00 30.00 -35.00 36.00
6.46 28.00 137.00 20.00 33.00 -37.00 27.00
6.47 31.00 137.00 21.00 35.00 -36.00 37.00
6.49 30.00 136.00 21.00 34.00 -37.00 35.00
6.50 30.00 136.00 21.00 38.00 -36.00 36.00
6.51 32.00 136.00 22.00 37.00 -34.00 44.00
6.53 32.00 135.00 23.00 36.00 -30.00 47.00
6.54 32.00 135.00 23.00 39.00 -28.00 50.00
6.56 32.00 135.00 24.00 37.00 -27.00 47.00
6.57 33.00 134.00 24.00 38.00 -26.00 50.00
6.59 32.00 134.00 24.00 41.00 -25.00 46.00
6.60 33.00 134.00 25.00 41.00 -23.00 50.00
6.61 34.00 133.00 26.00 40.00 -25.00 49.00
6.63 34.00 133.00 26.00 41.00 -27.00 45.00
6.64 35.00 133.00 27.00 42.00 -27.00 44.00
6.66 35.00 132.00 27.00 43.00 -27.00 45.00
6.67 35.00 132.00 28.00 43.00 -26.00 45.00
6.69 35.00 132.00 28.00 43.00 -27.00 40.00
6.70 36.00 131.00 29.00 42.00 -26.00 40.00
6.71 36.00 131.00 29.00 44.00 -27.00 40.00
6.73 37.00 131.00 29.00 43.00 -30.00 39.00
6.74 37.00 131.00 30.00 45.00 -30.00 37.00
6.76 38.00 130.00 30.00 46.00 -31.00 39.00
6.77 38.00 130.00 31.00 40.00 -32.00 30.00
6.79 39.00 130.00 31.00 40.00 -35.00 28.00
6.80 40.00 129.00 32.00 42.00 -33.00 35.00
6.81 40.00 129.00 32.00 43.00 -34.00 30.00
6.83 41.00 128.00 33.00 40.00 -33.00 30.00
6.84 41.00 128.00 33.00 41.00 -34.00 27.00
6.86 42.00 128.00 34.00 40.00 -32.00 27.00
6.87 42.00 127.00 34.00 40.00 -34.00 29.00
6.89 43.00 127.00 35.00 39.00 -35.00 28.00
6.90 44.00 126.00 35.00 40.00 -33.00 33.00
6.91 44.00 126.00 36.00 40.00 -32.00 32.00
6.93 45.00 126.00 36.00 39.00 -34.00 27.00
6.94 45.00 125.00 36.00 41.00 -34.00 25.00
6.96 46.00 125.00 37.00 42.00 -33.00 30.00
6.97 46.00 124.00 38.00 40.00 -34.00 28.00
6.99 46.00 124.00 38.00 39.00 -35.00 24.00
7.00 47.00 123.00 38.00 42.00 -34.00 27.00
7.01 47.00 123.00 39.00 36.00 -34.00 21.00
7.03 48.00 122.00 39.00 36.00 -34.00 20.00
7.04 48.00 122.00 39.00 37.00 -35.00 19.00
7.06 49.00 121.00 40.00 35.00 -34.00 19.00
7.07 49.00 121.00 40.00 35.00 -35.00 14.00
7.09 50.00 120.00 41.00 36.00 -33.00 14.00
7.10 50.00 120.00 41.00 36.00 -33.00 14.00
7.11 51.00 119.00 41.00 37.00 -32.00 15.00
7.13 51.00 119.00 42.00 33.00 -31.00 11.00
7.14 52.00 118.00 42.00 35.00 -31.00 15.00
7.16 53.00 118.00 42.00 36.00 -28.00 18.00
7.17 53.00 117.00 43.00 33.00 -28.00 15.00
7.19 53.00 117.00 43.00 34.00 -29.00 11.00
7.20 54.00 116.00 43.00 35.00 -29.00 17.00
7.21 54.00 116.00 44.00 33.00 -27.00 14.00
7.23 55.00 116.00 44.00 36.00 -26.00 15.00
7.24 55.00 115.00 44.00 36.00 -26.00 16.00
7.26 56.00 115.00 45.00 37.00 -25.00 18.00
7.27 57.00 115.00 45.00 36.00 -27.00 16.00
7.29 57.00 114.00 45.00 35.00 -30.00 15.00
7.30 58.00 114.00 46.00 36.00 -27.00 18.00
7.31 58.00 113.00 46.00 36.00 -25.00 19.00
7.33 59.00 113.00 46.00 37.00 -26.00 18.00
7.34 59.00 113.00 47.00 36.00 -23.00 21.00
7.36 60.00 112.00 47.00 36.00 -25.00 20.00
7.37 60.00 112.00 47.00 36.00 -23.00 19.00
7.39 61.00 112.00 48.00 33.00 -21.00 20.00
7.40 61.00 111.00 48.00 33.00 -21.00 22.00
7.41 62.00 111.00 48.00 37.00 -25.00 20.00
7.43 62.00 111.00 48.00 35.00 -23.00 19.00
7.44 63.00 110.00 49.00 36.00 -24.00 21.00
7.46 63.00 110.00 49.00 36.00 -24.00 20.00
7.47 64.00 110.00 49.00 39.00 -24.00 20.00
7.49 64.00 110.00 50.00 36.00 -24.00 18.00
7.50 65.00 109.00 50.00 37.00 -23.00 23.00
7.51 65.00 109.00 50.00 37.00 -23.00 22.00
7.53 66.00 109.00 51.00 34.00 -22.00 23.00
7.54 66.00 108.00 51.00 36.00 -22.00 23.00
7.56 67.00 108.00 51.00 36.00 -22.00 22.00
7.57 67.00 108.00 52.00 35.00 -22.00 23.00
7.59 68.00 107.00 52.00 36.00 -19.00 25.00
7.60 69.00 107.00 52.00 39.00 -17.00 26.00
7.61 69.00 107.00 53.00 36.00 -19.00 23.00
7.63 70.00 106.00 53.00 35.00 -21.00 23.00
7.64 70.00 106.00 53.00 35.00 -21.00 21.00
7.66 71.00 106.00 53.00 37.00 -21.00 22.00
7.67 71.00 106.00 54.00 33.00 -23.00 23.00
7.69 72.00 105.00 54.00 34.00 -21.00 23.00
7.70 72.00 105.00 54.00 35.00 -22.00 21.00
7.71 73.00 105.00 55.00 31.00 -19.00 21.00
7.73 73.00 104.00 55.00 30.00 -18.00 19.00
7.74 74.00 104.00 55.00 29.00 -18.00 22.00
7.76 74.00 104.00 55.00 32.00 -18.00 20.00
7.77 75.00 103.00 56.00 32.00 -19.00 22.00
7.79 75.00 103.00 56.00 33.00 -16.00 20.00
7.80 76.00 103.00 56.00 33.00 -16.00 22.00
7.81 76.00 103.00 57.00 34.00 -17.00 20.00
7.83 77.00 103.00 57.00 34.00 -17.00 22.00
7.84 78.00 102.00 57.00 31.00 -20.00 19.00
7.86 78.00 102.00 57.00 33.00 -19.00 20.00
7.87 79.00 102.00 58.00 31.00 -22.00 19.00
7.89 79.00 101.00 58.00 32.00 -21.00 18.00
7.90 80.00 101.00 58.00 32.00 -20.00 20.00
7.91 80.00 101.00 59.00 31.00 -17.00 18.00
7.93 81.00 100.00 59.00 33.00 -21.00 18.00
7.94 81.00 100.00 59.00 34.00 -20.00 17.00
7.96 82.00 100.00 60.00 33.00 -20.00 19.00
7.97 82.00 100.00 60.00 34.00 -21.00 18.00
7.99 83.00 99.00 60.00 35.00 -20.00 21.00
8.00 83.00 99.00 61.00 34.00 -18.00 21.00
8.01 84.00 99.00 61.00 33.00 -18.00 22.00
8.03 84.00 99.00 61.00 35.00 -20.00 19.00
8.04 85.00 98.00 62.00 33.00 -18.00 22.00
8.06 85.00 98.00 62.00 32.00 -18.00 22.00
8.07 86.00 98.00 62.00 35.00 -19.00 22.00
8.09 86.00 98.00 63.00 36.00 -18.00 25.00
8.10 87.00 97.00 63.00 36.00 -17.00 24.00
8.11 87.00 97.00 64.00 35.00 -15.00 25.00
8.13 88.00 97.00 64.00 34.00 -16.00 26.00
8.14 88.00 97.00 64.00 34.00 -17.00 24.00
8.16 89.00 96.00 65.00 34.00 -13.00 27.00
8.17 89.00 96.00 65.00 34.00 -15.00 24.00
8.19 89.00 96.00 65.00 36.00 -14.00 26.00
8.20 90.00 96.00 66.00 34.00 -15.00 28.00
8.21 90.00 95.00 66.00 35.00 -16.00 26.00
8.23 91.00 95.00 67.00 34.00 -17.00 28.00
8.24 91.00 95.00 67.00 34.00 -19.00 25.00
8.26 92.00 95.00 67.00 35.00 -19.00 27.00
8.27 92.00 94.00 68.00 35.00 -19.00 29.00
8.29 93.00 94.00 68.00 36.00 -21.00 32.00
8.30 93.00 94.00 69.00 35.00 -19.00 31.00
8.31 94.00 94.00 69.00 35.00 -21.00 33.00
8.33 94.00 93.00 69.00 37.00 -19.00 35.00
8.34 94.00 93.00 70.00 35.00 -19.00 32.00
8.36 95.00 93.00 70.00 37.00 -21.00 35.00
8.37 95.00 92.00 71.00 36.00 -19.00 35.00
8.39 96.00 92.00 71.00 37.00 -22.00 34.00
8.40 96.00 92.00 71.00 39.00 -24.00 33.00
8.41 97.00 91.00 72.00 36.00 -24.00 33.00
8.43 97.00 91.00 72.00 38.00 -24.00 32.00
8.44 98.00 91.00 73.00 36.00 -25.00 34.00
8.46 98.00 90.00 73.00 35.00 -25.00 31.00
8.47 99.00 90.00 73.00 37.00 -25.00 33.00
8.49 99.00 90.00 74.00 34.00 -27.00 30.00
8.50 100.00 89.00 74.00 35.00 -29.00 33.00
8.51 100.00 89.00 75.00 36.00 -27.00 30.00
8.53 101.00 89.00 75.00 36.00 -28.00 31.00
8.54 101.00 88.00 75.00 38.00 -30.00 31.00
8.56 102.00 88.00 76.00 37.00 -30.00 31.00
8.57 102.00 87.00 76.00 36.00 -29.00 30.00
8.59 103.00 87.00 77.00 36.00 -28.00 27.00
8.60 104.00 87.00 77.00 36.00 -32.00 29.00
8.61 104.00 86.00 77.00 34.00 -32.00 27.00
8.63 105.00 86.00 78.00 34.00 -31.00 25.00
8.64 105.00 85.00 78.00 34.00 -34.00 24.00
8.66 105.00 85.00 79.00 31.00 -32.00 24.00
8.67 106.00 85.00 79.00 29.00 -32.00 24.00
8.69 107.00 84.00 79.00 30.00 -33.00 26.00
8.70 107.00 84.00 80.00 30.00 -30.00 23.00
8.71 108.00 83.00 80.00 29.00 -32.00 26.00
8.73 108.00 83.00 80.00 32.00 -29.00 25.00
8.74 108.00 82.00 81.00 31.00 -29.00 26.00
8.76 109.00 82.00 81.00 33.00 -29.00 25.00
8.77 109.00 82.00 82.00 34.00 -28.00 24.00
8.79 110.00 81.00 82.00 33.00 -28.00 24.00
8.80 110.00 81.00 82.00 35.00 -28.00 21.00
8.81 111.00 81.00 83.00 31.00 -26.00 22.00
8.83 111.00 80.00 83.00 31.00 -28.00 21.00
8.84 112.00 80.00 83.00 34.00 -30.00 21.00
8.86 112.00 79.00 84.00 32.00 -29.00 21.00
8.87 113.00 79.00 84.00 32.00 -29.00 21.00
8.89 113.00 79.00 84.00 33.00 -28.00 20.00
8.90 113.00 78.00 85.00 31.00 -26.00 17.00
8.91 114.00 78.00 85.00 31.00 -27.00 20.00
8.93 114.00 77.00 85.00 32.00 -28.00 22.00
8.94 115.00 77.00 86.00 30.00 -27.00 19.00
8.96 115.00 77.00 86.00 31.00 -27.00 17.00
8.97 116.00 76.00 86.00 32.00 -26.00 22.00
8.99 116.00 76.00 87.00 32.00 -26.00 20.00
9.00 116.00 75.00 87.00 32.00 -26.00 20.00
9.01 117.00 75.00 87.00 33.00 -28.00 20.00
9.03 117.00 75.00 88.00 30.00 -25.00 20.00
9.04 118.00 74.00 88.00 32.00 -25.00 20.00
9.06 118.00 74.00 88.00 30.00 -26.00 19.00
9.07 118.00 73.00 89.00 29.00 -24.00 21.00
9.09 119.00 73.00 89.00 28.00 -23.00 21.00
9.10 119.00 73.00 89.00 28.00 -24.00 18.00
9.11 120.00 72.00 90.00 28.00 -23.00 21.00
9.13 120.00 72.00 90.00 29.00 -26.00 19.00
9.14 121.00 71.00 90.00 31.00 -26.00 22.00
9.16 121.00 71.00 91.00 32.00 -24.00 23.00
9.17 121.00 71.00 91.00 31.00 -25.00 20.00
9.19 122.00 70.00 91.00 31.00 -25.00 21.00
9.20 122.00 70.00 92.00 31.00 -24.00 19.00
9.21 123.00 69.00 92.00 29.00 -25.00 20.00
9.23 123.00 69.00 92.00 29.00 -26.00 18.00
9.24 123.00 69.00 93.00 30.00 -25.00 18.00
9.26 124.00 68.00 93.00 30.00 -25.00 17.00
9.27 124.00 68.00 93.00 30.00 -25.00 18.00
9.29 124.00 67.00 93.00 32.00 -26.00 19.00
9.30 125.00 67.00 94.00 32.00 -25.00 20.00
9.31 125.00 67.00 94.00 31.00 -24.00 21.00
9.33 126.00 66.00 94.00 32.00 -23.00 22.00
9.34 126.00 66.00 94.00 32.00 -25.00 22.00
9.36 126.00 65.00 95.00 31.00 -26.00 22.00
9.37 127.00 65.00 95.00 29.00 -25.00 21.00
9.39 127.00 65.00 95.00 30.00 -21.00 21.00
9.40 128.00 64.00 96.00 29.00 -24.00 23.00
9.41 128.00 64.00 96.00 29.00 -23.00 21.00
9.43 128.00 64.00 96.00 27.00 -25.00 21.00
9.44 129.00 63.00 96.00 28.00 -25.00 21.00
9.46 129.00 63.00 97.00 26.00 -22.00 22.00
9.47 130.00 63.00 97.00 27.00 -21.00 21.00
9.49 130.00 62.00 97.00 25.00 -21.00 22.00
9.50 130.00 62.00 97.00 25.00 -21.00 20.00
9.51 131.00 62.00 98.00 27.00 -18.00 23.00
9.53 131.00 62.00 98.00 27.00 -16.00 25.00
9.54 132.00 61.00 98.00 27.00 -16.00 23.00
9.56 132.00 61.00 99.00 25.00 -16.00 23.00
9.57 132.00 61.00 99.00 25.00 -14.00 22.00
9.59 133.00 61.00 99.00 27.00 -15.00 21.00
9.60 133.00 60.00 99.00 27.00 -15.00 24.00
9.61 134.00 60.00 100.00 27.00 -12.00 23.00
9.63 134.00 60.00 100.00 28.00 -11.00 24.00
9.64 134.00 60.00 100.00 30.00 -14.00 22.00
9.66 135.00 59.00 101.00 29.00 -12.00 24.00
9.67 135.00 59.00 101.00 31.00 -12.00 24.00
9.69 136.00 59.00 101.00 33.00 -14.00 26.00
9.70 136.00 59.00 102.00 31.00 -14.00 23.00
9.71 137.00 59.00 102.00 32.00 -13.00 24.00
9.73 137.00 59.00 102.00 30.00 -17.00 24.00
9.74 138.00 58.00 103.00 30.00 -14.00 25.00
9.76 138.00 58.00 103.00 32.00 -14.00 25.00
9.77 139.00 58.00 104.00 32.00 -15.00 26.00
9.79 139.00 58.00 104.00 33.00 -15.00 25.00
9.80 140.00 58.00 105.00 32.00 -14.00 26.00
9.81 140.00 58.00 105.00 33.00 -16.00 24.00
9.83 141.00 57.00 105.00 34.00 -16.00 28.00
9.84 141.00 57.00 106.00 35.00 -17.00 27.00
9.86 142.00 57.00 106.00 34.00 -19.00 26.00
9.87 142.00 57.00 107.00 32.00 -17.00 26.00
9.89 143.00 57.00 107.00 33.00 -20.00 27.00
9.90 143.00 56.00 108.00 32.00 -19.00 29.00
9.91 144.00 56.00 108.00 34.00 -20.00 31.00
9.93 144.00 56.00 108.00 33.00 -21.00 30.00
9.94 145.00 56.00 109.00 35.00 -20.00 30.00
9.96 145.00 55.00 109.00 34.00 -22.00 30.00
9.97 146.00 55.00 110.00 35.00 -23.00 29.00
9.99 146.00 55.00 110.00 38.00 -22.00 30.00
10.00 146.00 55.00 111.00 36.00 -20.00 31.00
10.01 147.00 55.00 111.00 36.00 -21.00 30.00
10.03 147.00 54.00 111.00 36.00 -21.00 32.00
10.04 148.00 54.00 112.00 36.00 -19.00 34.00
10.06 149.00 54.00 112.00 35.00 -21.00 32.00
10.07 149.00 53.00 113.00 33.00 -19.00 33.00
10.09 150.00 53.00 113.00 35.00 -19.00 32.00
10.10 150.00 53.00 114.00 34.00 -18.00 33.00
10.11 151.00 53.00 114.00 33.00 -19.00 33.00
10.13 151.00 53.00 114.00 33.00 -20.00 32.00
10.14 151.00 52.00 115.00 31.00 -18.00 33.00
10.16 152.00 52.00 115.00 32.00 -19.00 33.00
10.17 153.00 52.00 116.00 33.00 -19.00 33.00
10.19 153.00 52.00 116.00 33.00 -18.00 29.00
10.20 154.00 51.00 116.00 32.00 -19.00 32.00
10.21 154.00 51.00 117.00 34.00 -19.00 30.00
10.23 155.00 51.00 117.00 36.00 -21.00 32.00
10.24 155.00 50.00 118.00 34.00 -19.00 30.00
10.26 156.00 50.00 118.00 34.00 -19.00 30.00
10.27 156.00 50.00 119.00 34.00 -17.00 30.00
10.29 157.00 49.00 119.00 34.00 -20.00 30.00
10.30 157.00 49.00 120.00 35.00 -18.00 30.00
10.31 158.00 49.00 120.00 34.00 -19.00 27.00
10.33 158.00 48.00 120.00 38.00 -20.00 30.00
10.34 159.00 48.00 121.00 36.00 -20.00 28.00
10.36 160.00 48.00 121.00 36.00 -21.00 28.00
10.37 160.00 47.00 122.00 36.00 -21.00 30.00
10.39 161.00 47.00 122.00 36.00 -23.00 28.00
10.40 161.00 47.00 122.00 35.00 -22.00 29.00
10.41 162.00 46.00 123.00 35.00 -25.00 29.00
10.43 162.00 46.00 123.00 35.00 -25.00 28.00
10.44 163.00 46.00 124.00 36.00 -24.00 28.00
10.46 163.00 45.00 124.00 35.00 -25.00 27.00
10.47 164.00 45.00 125.00 31.00 -26.00 26.00
10.49 164.00 45.00 125.00 34.00 -27.00 24.00
10.50 165.00 44.00 126.00 33.00 -31.00 26.00
10.51 165.00 44.00 126.00 31.00 -31.00 24.00
10.53 166.00 43.00 126.00 32.00 -32.00 25.00
10.54 166.00 43.00 127.00 32.00 -30.00 23.00
10.56 167.00 42.00 127.00 31.00 -31.00 24.00
10.57 167.00 42.00 128.00 32.00 -30.00 20.00
10.59 168.00 42.00 128.00 32.00 -33.00 19.00
10.60 168.00 41.00 128.00 31.00 -32.00 18.00
10.61 169.00 41.00 129.00 33.00 -30.00 18.00
10.63 169.00 40.00 129.00 32.00 -29.00 20.00
10.64 169.00 40.00 129.00 29.00 -30.00 19.00
10.66 170.00 40.00 130.00 30.00 -30.00 19.00
10.67 170.00 39.00 130.00 29.00 -29.00 19.00
10.69 170.00 39.00 130.00 30.00 -27.00 18.00
10.70 171.00 38.00 131.00 29.00 -27.00 17.00
10.71 171.00 38.00 131.00 31.00 -26.00 17.00
10.73 172.00 38.00 131.00 29.00 -26.00 18.00
10.74 172.00 37.00 131.00 28.00 -26.00 18.00
10.76 172.00 37.00 132.00 28.00 -24.00 18.00
10.77 173.00 37.00 132.00 29.00 -25.00 17.00
10.79 173.00 36.00 132.00 27.00 -22.00 20.00
10.80 173.00 36.00 133.00 27.00 -23.00 19.00
10.81 174.00 36.00 133.00 27.00 -23.00 18.00
10.83 174.00 35.00 133.00 26.00 -23.00 20.00
10.84 174.00 35.00 133.00 28.00 -23.00 20.00
10.86 175.00 35.00 134.00 28.00 -18.00 19.00
10.87 175.00 34.00 134.00 28.00 -18.00 19.00
10.89 175.00 34.00 134.00 28.00 -19.00 19.00
10.90 176.00 34.00 134.00 28.00 -18.00 20.00
10.91 176.00 33.00 134.00 27.00 -19.00 21.00
10.93 176.00 33.00 135.00 28.00 -17.00 21.00
10.94 177.00 33.00 135.00 30.00 -16.00 24.00
10.96 177.00 32.00 135.00 29.00 -14.00 25.00
10.97 177.00 32.00 136.00 29.00 -15.00 25.00
10.99 178.00 32.00 136.00 31.00 -16.00 25.00
11.00 178.00 32.00 136.00 31.00 -16.00 24.00
11.01 178.00 31.00 136.00 32.00 -15.00 26.00
11.03 179.00 31.00 137.00 31.00 -13.00 25.00
11.04 179.00 31.00 137.00 31.00 -15.00 24.00
11.06 179.00 31.00 137.00 31.00 -18.00 24.00
11.07 180.00 30.00 138.00 32.00 -16.00 27.00
11.09 180.00 30.00 138.00 31.00 -18.00 26.00
11.10 181.00 30.00 138.00 30.00 -21.00 28.00
11.11 181.00 29.00 138.00 29.00 -20.00 29.00
11.13 181.00 29.00 139.00 29.00 -20.00 29.00
11.14 182.00 29.00 139.00 30.00 -20.00 28.00
11.16 182.00 29.00 139.00 31.00 -19.00 28.00
11.17 183.00 28.00 140.00 28.00 -20.00 30.00
11.19 183.00 28.00 140.00 29.00 -19.00 28.00
11.20 183.00 28.00 140.00 29.00 -19.00 28.00
11.21 184.00 27.00 141.00 29.00 -18.00 30.00
11.23 184.00 27.00 141.00 30.00 -19.00 29.00
11.24 185.00 27.00 141.00 30.00 -18.00 29.00
11.26 185.00 27.00 142.00 28.00 -17.00 30.00
11.27 186.00 27.00 142.00 29.00 -18.00 27.00
11.29 186.00 26.00 142.00 29.00 -18.00 27.00
11.30 187.00 26.00 143.00 30.00 -19.00 28.00
11.31 187.00 26.00 143.00 30.00 -19.00 29.00
11.33 187.00 26.00 143.00 30.00 -22.00 26.00
11.34 188.00 25.00 144.00 30.00 -22.00 28.00
11.36 188.00 25.00 144.00 30.00 -20.00 28.00
11.37 189.00 25.00 144.00 30.00 -24.00 27.00
11.39 189.00 24.00 145.00 29.00 -22.00 27.00
11.40 190.00 24.00 145.00 31.00 -21.00 28.00
11.41 190.00 24.00 145.00 31.00 -23.00 27.00
11.43 191.00 24.00 146.00 32.00 -23.00 27.00
