#t, x, y, z, vx, vy, vz
0.00 -1.00 3.00 -1.00 0.00 2.00 -0.00
0.01 -1.00 3.00 -1.00 0.00 2.00 -0.00
0.03 -1.00 3.00 -1.00 0.00 3.00 -2.00
0.04 -1.00 3.00 -1.00 -0.00 6.00 -1.00
0.06 -1.00 3.00 -1.00 -0.00 6.00 -1.00
0.07 -1.00 3.00 -1.00 -1.00 6.00 -0.00
0.09 -1.00 3.00 -1.00 -2.00 8.00 -1.00
0.10 -1.00 3.00 -2.00 -2.00 5.00 -2.00
0.11 -2.00 3.00 -2.00 -2.00 9.00 -1.00
0.13 -2.00 3.00 -2.00 -2.00 8.00 -1.00
0.14 -2.00 3.00 -2.00 -4.00 9.00 -1.00
0.16 -2.00 3.00 -2.00 -5.00 10.00 -1.00
0.17 -2.00 3.00 -2.00 -7.00 10.00 -0.00
0.19 -2.00 3.00 -2.00 -6.00 10.00 -0.00
0.20 -2.00 3.00 -2.00 -7.00 8.00 0.00
0.21 -2.00 3.00 -2.00 -4.00 8.00 0.00
0.23 -2.00 3.00 -2.00 -4.00 7.00 -0.00
0.24 -2.00 4.00 -2.00 -4.00 6.00 1.00
0.26 -2.00 4.00 -2.00 -4.00 8.00 -0.00
0.27 -2.00 4.00 -2.00 -4.00 7.00 -0.00
0.29 -2.00 4.00 -2.00 -4.00 7.00 -0.00
0.30 -3.00 4.00 -2.00 -6.00 8.00 1.00
0.31 -3.00 4.00 -2.00 -4.00 7.00 2.00
0.33 -3.00 4.00 -2.00 -6.00 9.00 1.00
0.34 -3.00 4.00 -2.00 -8.00 8.00 1.00
0.36 -3.00 4.00 -2.00 -7.00 8.00 1.00
0.37 -3.00 4.00 -2.00 -9.00 9.00 -0.00
0.39 -3.00 5.00 -2.00 -9.00 8.00 -1.00
0.40 -3.00 5.00 -2.00 -9.00 9.00 -2.00
0.41 -3.00 5.00 -2.00 -8.00 10.00 -3.00
0.43 -3.00 5.00 -2.00 -8.00 12.00 -2.00
0.44 -3.00 5.00 -2.00 -10.00 12.00 -2.00
0.46 -3.00 5.00 -2.00 -5.00 11.00 -2.00
0.47 -3.00 5.00 -2.00 -7.00 9.00 -3.00
0.49 -3.00 5.00 -2.00 -6.00 10.00 -2.00
0.50 -3.00 6.00 -2.00 -4.00 9.00 -3.00
0.51 -4.00 6.00 -2.00 -2.00 12.00 -2.00
0.53 -4.00 6.00 -2.00 -3.00 10.00 -3.00
0.54 -4.00 6.00 -2.00 -3.00 9.00 -3.00
0.56 -4.00 6.00 -2.00 -2.00 8.00 -4.00
0.57 -4.00 6.00 -2.00 -3.00 8.00 -2.00
0.59 -4.00 6.00 -2.00 -4.00 5.00 -2.00
0.60 -4.00 6.00 -2.00 -6.00 5.00 -1.00
0.61 -4.00 6.00 -2.00 -6.00 4.00 -2.00
0.63 -4.00 6.00 -2.00 -5.00 5.00 -3.00
0.64 -4.00 7.00 -2.00 -4.00 5.00 -2.00
0.66 -4.00 7.00 -2.00 -3.00 5.00 0.00
0.67 -4.00 7.00 -2.00 -5.00 5.00 -1.00
0.69 -4.00 7.00 -2.00 -5.00 7.00 0.00
0.70 -4.00 7.00 -2.00 -7.00 5.00 -1.00
0.71 -4.00 7.00 -2.00 -8.00 6.00 -1.00
0.73 -5.00 7.00 -2.00 -10.00 9.00 -2.00
0.74 -5.00 7.00 -2.00 -10.00 12.00 -3.00
0.76 -5.00 8.00 -2.00 -6.00 12.00 -3.00
0.77 -5.00 8.00 -2.00 -7.00 11.00 -6.00
0.79 -5.00 8.00 -3.00 -7.00 11.00 -7.00
0.80 -5.00 8.00 -3.00 -6.00 10.00 -6.00
0.81 -5.00 8.00 -3.00 -7.00 9.00 -8.00
0.83 -5.00 8.00 -3.00 -9.00 8.00 -10.00
0.84 -5.00 9.00 -3.00 -7.00 8.00 -10.00
0.86 -5.00 9.00 -3.00 -8.00 6.00 -10.00
0.87 -5.00 9.00 -3.00 -10.00 9.00 -9.00
0.89 -5.00 9.00 -3.00 -11.00 10.00 -8.00
0.90 -6.00 9.00 -3.00 -14.00 11.00 -8.00
0.91 -6.00 9.00 -4.00 -14.00 13.00 -7.00
0.93 -6.00 10.00 -4.00 -9.00 11.00 -9.00
0.94 -6.00 10.00 -4.00 -9.00 12.00 -8.00
0.96 -6.00 10.00 -4.00 -10.00 12.00 -8.00
0.97 -6.00 10.00 -4.00 -9.00 8.00 -9.00
0.99 -6.00 10.00 -4.00 -8.00 10.00 -9.00
1.00 -7.00 10.00 -4.00 -7.00 11.00 -8.00
1.01 -7.00 11.00 -4.00 -5.00 12.00 -7.00
1.03 -7.00 11.00 -5.00 -4.00 11.00 -8.00
1.04 -7.00 11.00 -5.00 -5.00 10.00 -8.00
1.06 -7.00 11.00 -5.00 -5.00 11.00 -8.00
1.07 -7.00 11.00 -5.00 -4.00 11.00 -9.00
1.09 -7.00 11.00 -5.00 -6.00 12.00 -9.00
1.10 -7.00 11.00 -5.00 -6.00 14.00 -11.00
1.11 -7.00 12.00 -5.00 -6.00 15.00 -11.00
1.13 -7.00 12.00 -5.00 -6.00 13.00 -12.00
1.14 -7.00 12.00 -6.00 -5.00 15.00 -11.00
1.16 -8.00 12.00 -6.00 -7.00 18.00 -11.00
1.17 -8.00 12.00 -6.00 -9.00 16.00 -11.00
1.19 -8.00 13.00 -6.00 -6.00 16.00 -11.00
1.20 -8.00 13.00 -6.00 -6.00 16.00 -12.00
1.21 -8.00 13.00 -6.00 -9.00 15.00 -11.00
1.23 -8.00 13.00 -7.00 -11.00 15.00 -11.00
1.24 -8.00 14.00 -7.00 -9.00 14.00 -12.00
1.26 -8.00 14.00 -7.00 -9.00 14.00 -10.00
1.27 -9.00 14.00 -7.00 -9.00 17.00 -10.00
1.29 -9.00 15.00 -7.00 -8.00 17.00 -11.00
1.30 -9.00 15.00 -7.00 -9.00 17.00 -12.00
1.31 -9.00 15.00 -7.00 -11.00 19.00 -11.00
1.33 -9.00 15.00 -8.00 -11.00 16.00 -12.00
1.34 -9.00 16.00 -8.00 -9.00 17.00 -11.00
1.36 -9.00 16.00 -8.00 -11.00 17.00 -11.00
1.37 -9.00 16.00 -8.00 -11.00 17.00 -10.00
1.39 -10.00 16.00 -8.00 -12.00 18.00 -12.00
1.40 -10.00 17.00 -8.00 -9.00 16.00 -14.00
1.41 -10.00 17.00 -9.00 -9.00 15.00 -15.00
1.43 -10.00 17.00 -9.00 -11.00 14.00 -13.00
1.44 -10.00 17.00 -9.00 -11.00 15.00 -15.00
1.46 -10.00 17.00 -9.00 -13.00 16.00 -14.00
1.47 -10.00 18.00 -9.00 -11.00 16.00 -15.00
1.49 -11.00 18.00 -10.00 -13.00 19.00 -14.00
1.50 -11.00 18.00 -10.00 -14.00 23.00 -15.00
1.51 -11.00 19.00 -10.00 -11.00 21.00 -15.00
1.53 -11.00 19.00 -10.00 -12.00 22.00 -14.00
1.54 -11.00 19.00 -10.00 -8.00 23.00 -14.00
1.56 -11.00 19.00 -11.00 -11.00 22.00 -14.00
1.57 -11.00 20.00 -11.00 -10.00 22.00 -16.00
1.59 -12.00 20.00 -11.00 -9.00 24.00 -16.00
1.60 -12.00 20.00 -11.00 -14.00 25.00 -13.00
1.61 -12.00 21.00 -11.00 -12.00 25.00 -12.00
1.63 -12.00 21.00 -12.00 -14.00 24.00 -13.00
1.64 -12.00 21.00 -12.00 -15.00 25.00 -13.00
1.66 -13.00 22.00 -12.00 -13.00 26.00 -12.00
1.67 -13.00 22.00 -12.00 -15.00 29.00 -14.00
1.69 -13.00 23.00 -12.00 -11.00 28.00 -14.00
1.70 -13.00 23.00 -13.00 -12.00 27.00 -14.00
1.71 -13.00 23.00 -13.00 -13.00 26.00 -14.00
1.73 -14.00 24.00 -13.00 -12.00 27.00 -14.00
1.74 -14.00 24.00 -13.00 -14.00 25.00 -14.00
1.76 -14.00 24.00 -13.00 -14.00 27.00 -14.00
1.77 -14.00 25.00 -14.00 -13.00 26.00 -15.00
1.79 -14.00 25.00 -14.00 -15.00 25.00 -16.00
1.80 -15.00 26.00 -14.00 -14.00 28.00 -16.00
1.81 -15.00 26.00 -14.00 -15.00 27.00 -16.00
1.83 -15.00 26.00 -14.00 -16.00 27.00 -15.00
1.84 -15.00 27.00 -15.00 -16.00 28.00 -16.00
1.86 -15.00 27.00 -15.00 -19.00 27.00 -15.00
1.87 -15.00 28.00 -15.00 -18.00 25.00 -14.00
1.89 -16.00 28.00 -15.00 -21.00 30.00 -13.00
1.90 -16.00 28.00 -15.00 -23.00 30.00 -14.00
1.91 -16.00 29.00 -16.00 -24.00 29.00 -12.00
1.93 -17.00 29.00 -16.00 -25.00 31.00 -15.00
1.94 -17.00 30.00 -16.00 -24.00 31.00 -16.00
1.96 -17.00 30.00 -16.00 -24.00 33.00 -16.00
1.97 -18.00 31.00 -16.00 -23.00 36.00 -16.00
1.99 -18.00 31.00 -17.00 -24.00 36.00 -16.00
2.00 -18.00 32.00 -17.00 -22.00 34.00 -15.00
2.01 -19.00 32.00 -17.00 -24.00 38.00 -16.00
2.03 -19.00 33.00 -17.00 -22.00 38.00 -16.00
2.04 -19.00 33.00 -18.00 -23.00 36.00 -17.00
2.06 -20.00 34.00 -18.00 -20.00 42.00 -16.00
2.07 -20.00 34.00 -18.00 -23.00 40.00 -17.00
2.09 -20.00 35.00 -18.00 -22.00 40.00 -18.00
2.10 -20.00 35.00 -18.00 -20.00 38.00 -18.00
2.11 -21.00 36.00 -19.00 -20.00 40.00 -17.00
2.13 -21.00 37.00 -19.00 -17.00 38.00 -17.00
2.14 -21.00 37.00 -19.00 -18.00 40.00 -16.00
2.16 -21.00 38.00 -19.00 -16.00 39.00 -17.00
2.17 -22.00 38.00 -20.00 -18.00 39.00 -17.00
2.19 -22.00 39.00 -20.00 -16.00 40.00 -17.00
2.20 -22.00 39.00 -20.00 -22.00 39.00 -19.00
2.21 -23.00 40.00 -20.00 -19.00 40.00 -19.00
2.23 -23.00 41.00 -21.00 -19.00 39.00 -21.00
2.24 -23.00 41.00 -21.00 -22.00 37.00 -20.00
2.26 -24.00 42.00 -21.00 -21.00 41.00 -20.00
2.27 -24.00 42.00 -22.00 -23.00 41.00 -20.00
2.29 -24.00 43.00 -22.00 -23.00 38.00 -19.00
2.30 -25.00 43.00 -22.00 -24.00 40.00 -20.00
2.31 -25.00 44.00 -22.00 -23.00 41.00 -19.00
2.33 -25.00 45.00 -23.00 -22.00 40.00 -18.00
2.34 -26.00 45.00 -23.00 -24.00 43.00 -18.00
2.36 -26.00 46.00 -23.00 -24.00 44.00 -19.00
2.37 -26.00 46.00 -23.00 -25.00 43.00 -17.00
2.39 -27.00 47.00 -24.00 -25.00 44.00 -19.00
2.40 -27.00 48.00 -24.00 -24.00 43.00 -19.00
2.41 -27.00 48.00 -24.00 -26.00 44.00 -20.00
2.43 -28.00 49.00 -24.00 -24.00 45.00 -19.00
2.44 -28.00 50.00 -25.00 -24.00 45.00 -20.00
2.46 -28.00 50.00 -25.00 -26.00 44.00 -21.00
2.47 -29.00 51.00 -25.00 -22.00 47.00 -20.00
2.49 -29.00 52.00 -26.00 -22.00 48.00 -20.00
2.50 -29.00 52.00 -26.00 -25.00 49.00 -20.00
2.51 -30.00 53.00 -26.00 -22.00 52.00 -22.00
2.53 -30.00 54.00 -26.00 -22.00 50.00 -21.00
2.54 -30.00 54.00 -27.00 -26.00 50.00 -22.00
2.56 -31.00 55.00 -27.00 -25.00 54.00 -21.00
2.57 -31.00 56.00 -27.00 -25.00 54.00 -22.00
2.59 -31.00 57.00 -28.00 -26.00 52.00 -21.00
2.60 -32.00 57.00 -28.00 -27.00 56.00 -21.00
2.61 -32.00 58.00 -28.00 -26.00 54.00 -20.00
2.63 -32.00 59.00 -28.00 -27.00 54.00 -19.00
2.64 -33.00 60.00 -29.00 -25.00 54.00 -19.00
2.66 -33.00 61.00 -29.00 -25.00 54.00 -21.00
2.67 -34.00 61.00 -29.00 -26.00 57.00 -22.00
2.69 -34.00 62.00 -30.00 -28.00 56.00 -20.00
2.70 -35.00 63.00 -30.00 -26.00 58.00 -22.00
2.71 -35.00 64.00 -30.00 -26.00 56.00 -22.00
2.73 -35.00 64.00 -31.00 -28.00 56.00 -21.00
2.74 -36.00 65.00 -31.00 -28.00 57.00 -21.00
2.76 -36.00 66.00 -31.00 -28.00 58.00 -24.00
2.77 -37.00 67.00 -32.00 -27.00 61.00 -24.00
2.79 -37.00 68.00 -32.00 -28.00 58.00 -24.00
2.80 -37.00 69.00 -32.00 -28.00 58.00 -24.00
2.81 -38.00 69.00 -33.00 -32.00 61.00 -25.00
2.83 -38.00 70.00 -33.00 -31.00 62.00 -26.00
2.84 -39.00 71.00 -33.00 -31.00 65.00 -24.00
2.86 -39.00 72.00 -34.00 -32.00 63.00 -24.00
2.87 -40.00 73.00 -34.00 -29.00 65.00 -24.00
2.89 -40.00 74.00 -34.00 -32.00 63.00 -24.00
2.90 -40.00 75.00 -35.00 -32.00 64.00 -25.00
2.91 -41.00 76.00 -35.00 -30.00 65.00 -27.00
2.93 -41.00 77.00 -35.00 -30.00 66.00 -28.00
2.94 -42.00 78.00 -36.00 -30.00 69.00 -28.00
2.96 -42.00 79.00 -36.00 -29.00 68.00 -30.00
2.97 -42.00 80.00 -37.00 -30.00 68.00 -28.00
2.99 -43.00 81.00 -37.00 -29.00 71.00 -30.00
3.00 -43.00 82.00 -37.00 -30.00 72.00 -28.00
3.01 -44.00 83.00 -38.00 -30.00 75.00 -29.00
3.03 -44.00 84.00 -38.00 -31.00 73.00 -29.00
3.04 -45.00 85.00 -39.00 -32.00 79.00 -29.00
3.06 -45.00 86.00 -39.00 -33.00 78.00 -28.00
3.07 -45.00 87.00 -39.00 -34.00 79.00 -28.00
3.09 -46.00 89.00 -40.00 -30.00 81.00 -28.00
3.10 -46.00 90.00 -40.00 -31.00 80.00 -28.00
3.11 -47.00 91.00 -41.00 -31.00 82.00 -30.00
3.13 -47.00 92.00 -41.00 -34.00 82.00 -31.00
3.14 -48.00 93.00 -42.00 -34.00 83.00 -30.00
3.16 -48.00 94.00 -42.00 -35.00 82.00 -31.00
3.17 -49.00 95.00 -42.00 -38.00 84.00 -31.00
3.19 -49.00 97.00 -43.00 -35.00 84.00 -32.00
3.20 -50.00 98.00 -43.00 -35.00 86.00 -31.00
3.21 -50.00 99.00 -44.00 -37.00 84.00 -30.00
3.23 -51.00 100.00 -44.00 -39.00 87.00 -30.00
3.24 -51.00 102.00 -45.00 -38.00 87.00 -29.00
3.26 -52.00 103.00 -45.00 -37.00 88.00 -29.00
3.27 -52.00 104.00 -45.00 -40.00 88.00 -29.00
3.29 -53.00 105.00 -46.00 -41.00 91.00 -31.00
3.30 -53.00 107.00 -46.00 -37.00 91.00 -31.00
3.31 -54.00 108.00 -47.00 -40.00 93.00 -30.00
3.33 -54.00 110.00 -47.00 -39.00 93.00 -31.00
3.34 -55.00 111.00 -47.00 -43.00 95.00 -32.00
3.36 -56.00 112.00 -48.00 -44.00 99.00 -32.00
3.37 -56.00 114.00 -48.00 -43.00 100.00 -32.00
3.39 -57.00 115.00 -49.00 -45.00 105.00 -32.00
3.40 -57.00 117.00 -49.00 -43.00 104.00 -33.00
3.41 -58.00 118.00 -50.00 -46.00 108.00 -31.00
3.43 -59.00 120.00 -50.00 -43.00 112.00 -31.00
3.44 -59.00 122.00 -51.00 -42.00 112.00 -31.00
3.46 -60.00 123.00 -51.00 -43.00 115.00 -32.00
3.47 -61.00 125.00 -51.00 -41.00 118.00 -31.00
3.49 -61.00 126.00 -52.00 -44.00 119.00 -31.00
3.50 -62.00 128.00 -52.00 -41.00 121.00 -30.00
3.51 -62.00 130.00 -53.00 -42.00 123.00 -30.00
3.53 -63.00 132.00 -53.00 -41.00 123.00 -30.00
3.54 -64.00 134.00 -54.00 -41.00 129.00 -30.00
3.56 -64.00 135.00 -54.00 -42.00 128.00 -29.00
3.57 -65.00 137.00 -54.00 -44.00 134.00 -28.00
3.59 -65.00 139.00 -55.00 -43.00 133.00 -27.00
3.60 -66.00 141.00 -55.00 -42.00 140.00 -27.00
3.61 -66.00 143.00 -56.00 -44.00 140.00 -27.00
3.63 -67.00 145.00 -56.00 -44.00 146.00 -28.00
3.64 -68.00 147.00 -56.00 -45.00 149.00 -28.00
3.66 -68.00 150.00 -57.00 -42.00 153.00 -27.00
3.67 -69.00 152.00 -57.00 -40.00 157.00 -26.00
3.69 -70.00 154.00 -57.00 -42.00 164.00 -24.00
3.70 -70.00 156.00 -58.00 -42.00 164.00 -23.00
3.71 -71.00 159.00 -58.00 -43.00 171.00 -21.00
3.73 -72.00 161.00 -58.00 -42.00 174.00 -19.00
3.74 -72.00 164.00 -59.00 -43.00 176.00 -17.00
3.76 -73.00 166.00 -59.00 -45.00 183.00 -16.00
3.77 -73.00 169.00 -59.00 -44.00 186.00 -14.00
3.79 -74.00 172.00 -59.00 -43.00 192.00 -11.00
3.80 -75.00 175.00 -59.00 -42.00 201.00 -8.00
3.81 -75.00 178.00 -59.00 -42.00 204.00 -3.00
3.83 -76.00 181.00 -60.00 -37.00 212.00 0.00
3.84 -76.00 184.00 -59.00 -37.00 218.00 5.00
3.86 -77.00 187.00 -59.00 -36.00 227.00 10.00
3.87 -78.00 190.00 -59.00 -33.00 235.00 16.00
3.89 -78.00 193.00 -59.00 -29.00 244.00 23.00
3.90 -78.00 197.00 -59.00 -20.00 252.00 33.00
3.91 -78.00 201.00 -58.00 -14.00 258.00 45.00
3.93 -79.00 204.00 -57.00 -7.00 265.00 57.00
3.94 -79.00 208.00 -56.00 5.00 269.00 72.00
3.96 -78.00 212.00 -55.00 19.00 268.00 89.00
3.97 -78.00 216.00 -54.00 34.00 265.00 103.00
3.99 -78.00 220.00 -52.00 49.00 257.00 119.00
4.00 -77.00 223.00 -50.00 57.00 246.00 129.00
4.01 -76.00 227.00 -48.00 71.00 232.00 139.00
4.03 -75.00 230.00 -46.00 76.00 219.00 144.00
4.04 -74.00 233.00 -44.00 85.00 208.00 146.00
4.06 -73.00 236.00 -42.00 89.00 196.00 148.00
4.07 -71.00 238.00 -40.00 90.00 182.00 148.00
4.09 -70.00 241.00 -38.00 93.00 169.00 146.00
4.10 -69.00 243.00 -36.00 92.00 157.00 144.00
4.11 -67.00 246.00 -34.00 94.00 147.00 140.00
4.13 -66.00 248.00 -32.00 91.00 134.00 134.00
4.14 -65.00 249.00 -30.00 84.00 126.00 129.00
4.16 -64.00 251.00 -28.00 82.00 118.00 124.00
4.17 -62.00 253.00 -27.00 83.00 109.00 119.00
4.19 -61.00 254.00 -25.00 79.00 102.00 113.00
4.20 -60.00 256.00 -23.00 79.00 96.00 109.00
4.21 -59.00 257.00 -22.00 75.00 90.00 103.00
4.23 -58.00 258.00 -20.00 73.00 86.00 100.00
4.24 -57.00 260.00 -19.00 73.00 78.00 97.00
4.26 -56.00 261.00 -18.00 71.00 75.00 93.00
4.27 -55.00 262.00 -16.00 69.00 70.00 89.00
4.29 -54.00 263.00 -15.00 68.00 66.00 86.00
4.30 -53.00 264.00 -14.00 69.00 61.00 82.00
4.31 -52.00 264.00 -13.00 66.00 58.00 79.00
4.33 -51.00 265.00 -12.00 64.00 52.00 75.00
4.34 -50.00 266.00 -11.00 64.00 49.00 72.00
4.36 -49.00 266.00 -10.00 63.00 45.00 71.00
4.37 -48.00 267.00 -9.00 62.00 40.00 69.00
4.39 -47.00 267.00 -8.00 61.00 36.00 67.00
4.40 -46.00 268.00 -7.00 62.00 32.00 65.00
4.41 -46.00 268.00 -6.00 61.00 31.00 62.00
4.43 -45.00 269.00 -5.00 62.00 27.00 63.00
4.44 -44.00 269.00 -4.00 61.00 22.00 61.00
4.46 -43.00 269.00 -3.00 56.00 19.00 60.00
4.47 -42.00 270.00 -2.00 60.00 15.00 58.00
4.49 -41.00 270.00 -2.00 58.00 12.00 54.00
4.50 -40.00 270.00 -1.00 58.00 8.00 53.00
4.51 -40.00 270.00 -0.00 58.00 5.00 53.00
4.53 -39.00 270.00 1.00 57.00 3.00 52.00
4.54 -38.00 270.00 1.00 57.00 -1.00 51.00
4.56 -37.00 270.00 2.00 55.00 -4.00 50.00
4.57 -36.00 270.00 3.00 53.00 -7.00 50.00
4.59 -36.00 270.00 3.00 54.00 -7.00 48.00
4.60 -35.00 270.00 4.00 54.00 -9.00 47.00
4.61 -34.00 270.00 5.00 52.00 -13.00 47.00
4.63 -33.00 270.00 5.00 53.00 -14.00 44.00
4.64 -33.00 269.00 6.00 51.00 -17.00 43.00
4.66 -32.00 269.00 7.00 51.00 -19.00 42.00
4.67 -31.00 269.00 7.00 51.00 -19.00 42.00
4.69 -30.00 269.00 8.00 53.00 -21.00 39.00
4.70 -30.00 268.00 9.00 52.00 -25.00 39.00
4.71 -29.00 268.00 9.00 52.00 -29.00 38.00
4.73 -28.00 267.00 10.00 49.00 -32.00 38.00
4.74 -28.00 267.00 10.00 49.00 -33.00 35.00
4.76 -27.00 266.00 11.00 49.00 -36.00 34.00
4.77 -26.00 266.00 11.00 51.00 -40.00 34.00
4.79 -25.00 265.00 12.00 50.00 -41.00 33.00
4.80 -25.00 265.00 12.00 52.00 -42.00 32.00
4.81 -24.00 264.00 13.00 50.00 -46.00 31.00
4.83 -23.00 263.00 13.00 50.00 -47.00 30.00
4.84 -23.00 263.00 14.00 50.00 -48.00 31.00
4.86 -22.00 262.00 14.00 49.00 -51.00 30.00
4.87 -21.00 261.00 14.00 47.00 -53.00 30.00
4.89 -21.00 261.00 15.00 48.00 -55.00 29.00
4.90 -20.00 260.00 15.00 46.00 -56.00 29.00
4.91 -19.00 259.00 16.00 44.00 -58.00 28.00
4.93 -19.00 258.00 16.00 45.00 -59.00 26.00
4.94 -18.00 257.00 16.00 43.00 -64.00 26.00
4.96 -17.00 256.00 17.00 43.00 -66.00 25.00
4.97 -17.00 255.00 17.00 42.00 -66.00 22.00
4.99 -16.00 255.00 17.00 45.00 -70.00 23.00
5.00 -15.00 254.00 18.00 43.00 -72.00 22.00
5.01 -15.00 253.00 18.00 42.00 -73.00 21.00
5.03 -14.00 251.00 18.00 39.00 -76.00 19.00
5.04 -14.00 250.00 19.00 39.00 -76.00 17.00
5.06 -13.00 249.00 19.00 38.00 -78.00 16.00
5.07 -13.00 248.00 19.00 37.00 -79.00 14.00
5.09 -12.00 247.00 19.00 39.00 -83.00 14.00
5.10 -11.00 246.00 19.00 38.00 -84.00 10.00
5.11 -11.00 245.00 20.00 37.00 -86.00 9.00
5.13 -10.00 243.00 20.00 37.00 -87.00 8.00
5.14 -10.00 242.00 20.00 37.00 -88.00 5.00
5.16 -9.00 241.00 20.00 36.00 -89.00 3.00
5.17 -9.00 239.00 20.00 34.00 -89.00 2.00
5.19 -8.00 238.00 20.00 33.00 -91.00 -0.00
5.20 -8.00 237.00 20.00 33.00 -91.00 -4.00
5.21 -7.00 236.00 20.00 31.00 -94.00 -6.00
5.23 -7.00 234.00 20.00 31.00 -93.00 -10.00
5.24 -7.00 233.00 20.00 30.00 -92.00 -14.00
5.26 -6.00 231.00 20.00 29.00 -92.00 -18.00
5.27 -6.00 230.00 19.00 32.00 -89.00 -20.00
5.29 -5.00 229.00 19.00 32.00 -90.00 -20.00
5.30 -5.00 228.00 19.00 35.00 -89.00 -21.00
5.31 -4.00 226.00 18.00 34.00 -89.00 -21.00
5.33 -4.00 225.00 18.00 37.00 -87.00 -22.00
5.34 -3.00 224.00 18.00 36.00 -89.00 -22.00
5.36 -3.00 222.00 17.00 36.00 -89.00 -24.00
5.37 -2.00 221.00 17.00 37.00 -92.00 -23.00
5.39 -2.00 220.00 17.00 37.00 -92.00 -24.00
5.40 -1.00 218.00 16.00 37.00 -94.00 -24.00
5.41 -1.00 217.00 16.00 38.00 -96.00 -21.00
5.43 -0.00 216.00 16.00 38.00 -99.00 -21.00
5.44 0.00 214.00 16.00 37.00 -102.00 -21.00
5.46 1.00 213.00 15.00 37.00 -103.00 -19.00
5.47 1.00 211.00 15.00 36.00 -107.00 -19.00
5.49 2.00 209.00 15.00 34.00 -111.00 -21.00
5.50 2.00 208.00 14.00 36.00 -112.00 -19.00
5.51 3.00 206.00 14.00 36.00 -120.00 -16.00
5.53 3.00 205.00 14.00 35.00 -121.00 -18.00
5.54 4.00 203.00 14.00 35.00 -125.00 -16.00
5.56 4.00 201.00 13.00 35.00 -126.00 -16.00
5.57 5.00 199.00 13.00 32.00 -130.00 -16.00
5.59 5.00 197.00 13.00 31.00 -134.00 -18.00
5.60 6.00 195.00 13.00 29.00 -138.00 -18.00
5.61 6.00 193.00 12.00 28.00 -142.00 -19.00
5.63 6.00 191.00 12.00 26.00 -148.00 -20.00
5.64 7.00 189.00 12.00 24.00 -152.00 -20.00
5.66 7.00 187.00 11.00 21.00 -155.00 -22.00
5.67 7.00 185.00 11.00 22.00 -162.00 -24.00
5.69 8.00 182.00 11.00 17.00 -167.00 -27.00
5.70 8.00 180.00 10.00 14.00 -172.00 -28.00
5.71 8.00 177.00 10.00 10.00 -175.00 -33.00
5.73 8.00 175.00 9.00 8.00 -182.00 -34.00
5.74 8.00 172.00 9.00 5.00 -192.00 -35.00
5.76 8.00 169.00 8.00 -1.00 -200.00 -41.00
5.77 8.00 166.00 8.00 -7.00 -211.00 -44.00
5.79 8.00 163.00 7.00 -12.00 -222.00 -50.00
5.80 8.00 160.00 6.00 -21.00 -238.00 -56.00
5.81 8.00 156.00 5.00 -38.00 -256.00 -67.00
5.83 7.00 153.00 4.00 -58.00 -279.00 -82.00
5.84 6.00 148.00 3.00 -107.00 -301.00 -108.00
5.86 4.00 145.00 2.00 -172.00 -233.00 -88.00
5.87 2.00 142.00 1.00 -163.00 -163.00 -52.00
5.89 -0.00 140.00 -0.00 -142.00 -126.00 -32.00
5.90 -2.00 138.00 -0.00 -119.00 -104.00 -20.00
5.91 -3.00 136.00 -1.00 -103.00 -86.00 -18.00
5.93 -4.00 135.00 -1.00 -81.00 -73.00 -14.00
5.94 -5.00 134.00 -1.00 -59.00 -61.00 -9.00
5.96 -6.00 134.00 -1.00 -32.00 -51.00 2.00
5.97 -7.00 133.00 -1.00 -11.00 -45.00 9.00
5.99 -7.00 132.00 -0.00 8.00 -43.00 17.00
6.00 -7.00 132.00 -0.00 25.00 -36.00 24.00
6.01 -7.00 132.00 0.00 40.00 -29.00 31.00
6.03 -7.00 132.00 1.00 47.00 -22.00 35.00
6.04 -6.00 132.00 1.00 60.00 -16.00 39.00
6.06 -6.00 132.00 2.00 68.00 -7.00 45.00
6.07 -5.00 132.00 2.00 79.00 -0.00 48.00
6.09 -4.00 132.00 3.00 86.00 7.00 53.00
6.10 -3.00 132.00 3.00 98.00 16.00 58.00
6.11 -2.00 133.00 4.00 108.00 24.00 62.00
6.13 -1.00 133.00 4.00 117.00 33.00 66.00
6.14 0.00 134.00 5.00 126.00 42.00 73.00
6.16 2.00 135.00 6.00 135.00 54.00 77.00
6.17 3.00 135.00 7.00 147.00 66.00 85.00
6.19 5.00 136.00 8.00 159.00 82.00 92.00
6.20 6.00 137.00 9.00 176.00 103.00 102.00
6.21 8.00 138.00 10.00 193.00 137.00 118.00
6.23 17.00 142.00 14.00 209.00 214.00 153.00
6.24 20.00 145.00 16.00 118.00 101.00 147.00
6.26 13.00 143.00 14.00 82.00 26.00 99.00
6.27 22.00 146.00 19.00 56.00 -15.00 65.00
6.29 16.00 143.00 16.00 27.00 -55.00 2.00
6.30 16.00 143.00 16.00 4.00 -85.00 -37.00
6.31 16.00 141.00 16.00 22.00 -100.00 -28.00
6.33 22.00 140.00 17.00 48.00 -34.00 58.00
6.34 24.00 142.00 20.00 43.00 -47.00 35.00
6.36 19.00 141.00 19.00 41.00 -48.00 22.00
6.37 19.00 140.00 19.00 34.00 -46.00 10.00
6.39 24.00 139.00 19.00 33.00 -48.00 4.00
6.40 20.00 139.00 20.00 35.00 -40.00 4.00
6.41 26.00 139.00 22.00 36.00 -39.00 4.00
6.43 24.00 138.00 22.00 41.00 -27.00 17.00
6.44 24.00 138.00 22.00 41.00 -21.00 23.00
6.46 25.00 138.00 23.00 41.00 -14.00 29.00
6.47 25.00 137.00 23.00 40.00 -17.00 24.00
6.49 26.00 137.00 24.00 41.00 -17.00 22.00
6.50 27.00 137.00 24.00 40.00 -20.00 20.00
6.51 28.00 136.00 25.00 37.00 -23.00 20.00
6.53 28.00 136.00 25.00 40.00 -27.00 17.00
6.54 29.00 135.00 26.00 36.00 -31.00 15.00
6.56 30.00 135.00 26.00 40.00 -28.00 18.00
6.57 30.00 134.00 26.00 40.00 -30.00 21.00
6.59 31.00 134.00 27.00 39.00 -29.00 21.00
6.60 32.00 134.00 27.00 37.00 -31.00 22.00
6.61 33.00 133.00 28.00 39.00 -28.00 28.00
6.63 34.00 133.00 28.00 39.00 -25.00 29.00
6.64 34.00 132.00 28.00 39.00 -22.00 34.00
6.66 35.00 132.00 29.00 39.00 -25.00 34.00
6.67 36.00 131.00 30.00 35.00 -26.00 26.00
6.69 36.00 131.00 30.00 41.00 -25.00 37.00
6.70 37.00 131.00 30.00 42.00 -25.00 37.00
6.71 38.00 130.00 31.00 37.00 -26.00 34.00
6.73 38.00 130.00 31.00 37.00 -26.00 37.00
6.74 39.00 129.00 32.00 35.00 -28.00 32.00
6.76 40.00 129.00 33.00 35.00 -29.00 29.00
6.77 40.00 128.00 33.00 39.00 -28.00 39.00
6.79 41.00 128.00 33.00 43.00 -28.00 41.00
6.80 41.00 127.00 34.00 36.00 -33.00 30.00
6.81 42.00 127.00 34.00 40.00 -32.00 32.00
6.83 43.00 126.00 35.00 40.00 -32.00 30.00
6.84 43.00 126.00 35.00 42.00 -33.00 31.00
6.86 44.00 125.00 36.00 40.00 -31.00 29.00
6.87 44.00 125.00 36.00 40.00 -34.00 30.00
6.89 45.00 124.00 36.00 40.00 -33.00 30.00
6.90 45.00 124.00 37.00 40.00 -32.00 22.00
6.91 46.00 123.00 37.00 36.00 -33.00 22.00
6.93 47.00 123.00 37.00 42.00 -32.00 25.00
6.94 47.00 122.00 38.00 43.00 -28.00 27.00
6.96 48.00 122.00 38.00 39.00 -30.00 21.00
6.97 48.00 121.00 39.00 37.00 -28.00 21.00
6.99 49.00 121.00 39.00 39.00 -25.00 23.00
7.00 49.00 121.00 39.00 38.00 -29.00 22.00
7.01 50.00 120.00 39.00 38.00 -26.00 26.00
7.03 51.00 120.00 40.00 38.00 -26.00 25.00
7.04 51.00 119.00 40.00 35.00 -28.00 23.00
7.06 52.00 119.00 40.00 36.00 -28.00 23.00
7.07 52.00 119.00 41.00 38.00 -23.00 30.00
7.09 53.00 119.00 41.00 36.00 -23.00 25.00
7.10 53.00 118.00 41.00 36.00 -23.00 23.00
7.11 54.00 118.00 42.00 34.00 -23.00 25.00
7.13 54.00 118.00 42.00 36.00 -22.00 26.00
7.14 55.00 117.00 42.00 33.00 -21.00 21.00
7.16 56.00 117.00 43.00 31.00 -25.00 18.00
7.17 56.00 117.00 43.00 32.00 -24.00 20.00
7.19 57.00 116.00 43.00 33.00 -25.00 19.00
7.20 57.00 116.00 44.00 33.00 -25.00 19.00
7.21 58.00 116.00 44.00 37.00 -25.00 22.00
7.23 58.00 115.00 44.00 33.00 -25.00 18.00
7.24 59.00 115.00 44.00 30.00 -25.00 17.00
7.26 59.00 115.00 45.00 29.00 -26.00 20.00
7.27 60.00 114.00 45.00 33.00 -24.00 22.00
7.29 60.00 114.00 45.00 32.00 -27.00 21.00
7.30 61.00 114.00 46.00 31.00 -25.00 21.00
7.31 61.00 113.00 46.00 31.00 -27.00 19.00
7.33 62.00 113.00 46.00 32.00 -25.00 20.00
7.34 62.00 113.00 47.00 31.00 -26.00 21.00
7.36 63.00 112.00 47.00 30.00 -26.00 23.00
7.37 63.00 112.00 47.00 32.00 -26.00 26.00
7.39 64.00 111.00 48.00 33.00 -23.00 30.00
7.40 64.00 111.00 48.00 34.00 -23.00 29.00
7.41 65.00 111.00 49.00 33.00 -25.00 30.00
7.43 65.00 110.00 49.00 30.00 -24.00 27.00
7.44 66.00 110.00 49.00 28.00 -25.00 27.00
7.46 66.00 110.00 50.00 28.00 -24.00 26.00
7.47 67.00 109.00 50.00 30.00 -23.00 27.00
7.49 67.00 109.00 50.00 29.00 -25.00 30.00
7.50 68.00 109.00 51.00 30.00 -25.00 25.00
7.51 68.00 108.00 51.00 31.00 -26.00 26.00
7.53 68.00 108.00 52.00 30.00 -25.00 26.00
7.54 69.00 107.00 52.00 33.00 -26.00 26.00
7.56 69.00 107.00 52.00 31.00 -29.00 24.00
7.57 70.00 107.00 53.00 28.00 -28.00 24.00
7.59 70.00 106.00 53.00 27.00 -30.00 26.00
7.60 70.00 106.00 53.00 29.00 -29.00 24.00
7.61 71.00 106.00 54.00 27.00 -29.00 24.00
7.63 71.00 105.00 54.00 32.00 -26.00 27.00
7.64 71.00 105.00 54.00 31.00 -25.00 30.00
7.66 72.00 104.00 54.00 28.00 -24.00 27.00
7.67 72.00 104.00 55.00 28.00 -22.00 29.00
7.69 73.00 104.00 55.00 27.00 -25.00 27.00
7.70 73.00 103.00 55.00 28.00 -20.00 27.00
7.71 74.00 103.00 56.00 28.00 -22.00 26.00
7.73 74.00 103.00 56.00 29.00 -21.00 26.00
7.74 74.00 103.00 56.00 30.00 -20.00 24.00
7.76 75.00 102.00 57.00 29.00 -23.00 21.00
7.77 75.00 102.00 57.00 29.00 -22.00 21.00
7.79 75.00 101.00 57.00 29.00 -21.00 19.00
7.80 76.00 101.00 57.00 28.00 -21.00 18.00
7.81 76.00 101.00 57.00 27.00 -22.00 14.00
7.83 76.00 101.00 57.00 29.00 -21.00 16.00
7.84 77.00 101.00 58.00 29.00 -20.00 20.00
7.86 77.00 100.00 58.00 30.00 -17.00 19.00
7.87 78.00 100.00 58.00 29.00 -21.00 18.00
7.89 78.00 100.00 59.00 30.00 -23.00 18.00
7.90 79.00 100.00 59.00 32.00 -20.00 16.00
7.91 79.00 99.00 59.00 31.00 -19.00 15.00
7.93 79.00 99.00 59.00 33.00 -20.00 18.00
7.94 80.00 99.00 59.00 37.00 -20.00 19.00
7.96 80.00 99.00 60.00 35.00 -21.00 18.00
7.97 81.00 98.00 60.00 35.00 -19.00 20.00
7.99 81.00 98.00 60.00 38.00 -19.00 21.00
8.00 82.00 98.00 61.00 36.00 -17.00 22.00
8.01 82.00 98.00 61.00 38.00 -17.00 22.00
8.03 82.00 99.00 61.00 36.00 -19.00 22.00
8.04 83.00 97.00 62.00 35.00 -15.00 23.00
8.06 84.00 97.00 62.00 38.00 -16.00 23.00
8.07 84.00 97.00 62.00 37.00 -17.00 23.00
8.09 85.00 97.00 63.00 38.00 -18.00 22.00
8.10 85.00 96.00 63.00 37.00 -18.00 22.00
8.11 86.00 96.00 63.00 41.00 -16.00 23.00
8.13 86.00 96.00 63.00 39.00 -19.00 23.00
8.14 87.00 96.00 64.00 38.00 -20.00 23.00
8.16 87.00 96.00 64.00 38.00 -20.00 21.00
8.17 88.00 95.00 65.00 38.00 -21.00 29.00
8.19 89.00 95.00 65.00 38.00 -19.00 27.00
8.20 89.00 95.00 65.00 38.00 -18.00 28.00
8.21 90.00 95.00 66.00 38.00 -17.00 30.00
8.23 90.00 95.00 66.00 39.00 -18.00 33.00
8.24 90.00 95.00 66.00 40.00 -16.00 33.00
8.26 91.00 94.00 67.00 39.00 -16.00 34.00
8.27 92.00 94.00 68.00 41.00 -16.00 34.00
8.29 93.00 93.00 68.00 41.00 -17.00 35.00
8.30 93.00 94.00 68.00 40.00 -17.00 35.00
8.31 94.00 93.00 69.00 42.00 -19.00 37.00
8.33 94.00 93.00 70.00 40.00 -20.00 37.00
8.34 94.00 93.00 70.00 42.00 -23.00 37.00
8.36 95.00 92.00 70.00 40.00 -23.00 39.00
8.37 96.00 92.00 71.00 38.00 -23.00 37.00
8.39 96.00 91.00 72.00 38.00 -23.00 38.00
8.40 97.00 91.00 72.00 37.00 -24.00 34.00
8.41 97.00 91.00 72.00 38.00 -23.00 37.00
8.43 98.00 91.00 73.00 38.00 -23.00 37.00
8.44 99.00 90.00 74.00 37.00 -23.00 38.00
8.46 99.00 90.00 74.00 37.00 -24.00 36.00
8.47 99.00 90.00 74.00 35.00 -22.00 33.00
8.49 100.00 89.00 75.00 33.00 -23.00 31.00
8.50 100.00 89.00 75.00 35.00 -25.00 32.00
8.51 101.00 89.00 76.00 34.00 -24.00 30.00
8.53 102.00 88.00 76.00 34.00 -27.00 29.00
8.54 102.00 88.00 76.00 33.00 -27.00 27.00
8.56 103.00 88.00 77.00 33.00 -27.00 28.00
8.57 103.00 87.00 77.00 33.00 -25.00 26.00
8.59 104.00 87.00 78.00 33.00 -27.00 27.00
8.60 104.00 87.00 78.00 32.00 -27.00 27.00
8.61 105.00 86.00 79.00 33.00 -27.00 26.00
8.63 105.00 86.00 79.00 35.00 -26.00 25.00
8.64 105.00 86.00 79.00 33.00 -26.00 27.00
8.66 106.00 85.00 80.00 34.00 -25.00 24.00
8.67 106.00 85.00 80.00 32.00 -26.00 25.00
8.69 107.00 85.00 80.00 32.00 -27.00 27.00
8.70 107.00 84.00 81.00 31.00 -30.00 25.00
8.71 108.00 84.00 81.00 32.00 -26.00 20.00
8.73 108.00 84.00 81.00 29.00 -29.00 23.00
8.74 109.00 83.00 82.00 29.00 -30.00 20.00
8.76 109.00 82.00 82.00 27.00 -29.00 18.00
8.77 110.00 82.00 82.00 27.00 -26.00 18.00
8.79 110.00 82.00 83.00 27.00 -28.00 15.00
8.80 110.00 81.00 83.00 29.00 -27.00 16.00
8.81 111.00 81.00 83.00 32.00 -23.00 17.00
8.83 111.00 81.00 84.00 30.00 -26.00 17.00
8.84 112.00 80.00 84.00 31.00 -25.00 19.00
8.86 112.00 80.00 84.00 33.00 -26.00 19.00
8.87 113.00 80.00 84.00 32.00 -26.00 17.00
8.89 113.00 79.00 85.00 32.00 -28.00 19.00
8.90 114.00 79.00 85.00 34.00 -25.00 21.00
8.91 114.00 78.00 85.00 32.00 -23.00 19.00
8.93 115.00 78.00 86.00 33.00 -26.00 22.00
8.94 115.00 77.00 86.00 34.00 -27.00 24.00
8.96 116.00 77.00 86.00 31.00 -25.00 22.00
8.97 116.00 77.00 87.00 31.00 -24.00 24.00
8.99 116.00 76.00 87.00 30.00 -27.00 21.00
9.00 117.00 76.00 87.00 31.00 -24.00 20.00
9.01 117.00 76.00 88.00 30.00 -25.00 20.00
9.03 118.00 75.00 88.00 31.00 -25.00 21.00
9.04 118.00 75.00 88.00 31.00 -24.00 21.00
9.06 118.00 74.00 88.00 28.00 -23.00 21.00
9.07 119.00 74.00 89.00 29.00 -24.00 20.00
9.09 119.00 74.00 89.00 28.00 -24.00 21.00
9.10 119.00 73.00 89.00 30.00 -23.00 19.00
9.11 119.00 72.00 89.00 29.00 -25.00 18.00
9.13 121.00 73.00 90.00 29.00 -26.00 18.00
9.14 121.00 72.00 90.00 30.00 -28.00 19.00
9.16 121.00 71.00 90.00 31.00 -27.00 20.00
9.17 122.00 72.00 91.00 32.00 -26.00 18.00
9.19 122.00 71.00 91.00 31.00 -27.00 21.00
9.20 122.00 70.00 91.00 31.00 -27.00 21.00
9.21 122.00 70.00 91.00 32.00 -25.00 22.00
9.23 124.00 70.00 92.00 31.00 -26.00 22.00
9.24 123.00 69.00 92.00 31.00 -26.00 20.00
9.26 124.00 69.00 92.00 34.00 -25.00 22.00
9.27 125.00 69.00 93.00 33.00 -25.00 20.00
9.29 125.00 69.00 93.00 32.00 -26.00 21.00
9.30 125.00 68.00 93.00 31.00 -26.00 21.00
9.31 126.00 68.00 93.00 31.00 -27.00 19.00
9.33 126.00 67.00 93.00 31.00 -27.00 20.00
9.34 126.00 67.00 94.00 30.00 -26.00 19.00
9.36 127.00 67.00 94.00 29.00 -26.00 18.00
9.37 127.00 66.00 94.00 32.00 -26.00 20.00
9.39 127.00 65.00 94.00 31.00 -25.00 23.00
9.40 128.00 66.00 95.00 29.00 -29.00 20.00
9.41 129.00 65.00 95.00 29.00 -26.00 22.00
9.43 129.00 65.00 96.00 28.00 -29.00 21.00
9.44 130.00 65.00 96.00 29.00 -26.00 24.00
9.46 130.00 64.00 96.00 27.00 -27.00 24.00
9.47 130.00 64.00 97.00 28.00 -27.00 20.00
9.49 131.00 63.00 97.00 26.00 -24.00 25.00
9.50 131.00 63.00 97.00 25.00 -22.00 24.00
9.51 131.00 63.00 97.00 26.00 -21.00 27.00
9.53 131.00 62.00 97.00 27.00 -21.00 27.00
9.54 132.00 62.00 98.00 28.00 -19.00 27.00
9.56 133.00 62.00 99.00 25.00 -19.00 25.00
9.57 133.00 61.00 99.00 27.00 -17.00 27.00
9.59 134.00 62.00 99.00 27.00 -15.00 27.00
9.60 134.00 61.00 99.00 28.00 -15.00 24.00
9.61 134.00 61.00 100.00 29.00 -12.00 25.00
9.63 135.00 61.00 100.00 27.00 -14.00 26.00
9.64 135.00 61.00 101.00 29.00 -14.00 25.00
9.66 135.00 60.00 101.00 30.00 -12.00 25.00
9.67 136.00 60.00 102.00 27.00 -14.00 25.00
9.69 137.00 60.00 102.00 30.00 -13.00 25.00
9.70 137.00 60.00 102.00 34.00 -12.00 23.00
9.71 137.00 60.00 103.00 29.00 -15.00 22.00
9.73 138.00 60.00 103.00 30.00 -15.00 22.00
9.74 138.00 59.00 103.00 32.00 -13.00 24.00
9.76 138.00 59.00 104.00 32.00 -17.00 24.00
9.77 139.00 59.00 104.00 32.00 -19.00 26.00
9.79 140.00 58.00 104.00 32.00 -18.00 25.00
9.80 140.00 58.00 105.00 31.00 -16.00 26.00
9.81 140.00 58.00 105.00 33.00 -16.00 24.00
9.83 141.00 58.00 106.00 33.00 -18.00 25.00
9.84 142.00 58.00 106.00 35.00 -16.00 30.00
9.86 142.00 57.00 106.00 36.00 -16.00 26.00
9.87 143.00 57.00 107.00 34.00 -17.00 28.00
9.89 143.00 57.00 107.00 36.00 -18.00 27.00
9.90 143.00 56.00 108.00 37.00 -18.00 30.00
9.91 144.00 57.00 108.00 37.00 -19.00 32.00
9.93 145.00 56.00 108.00 37.00 -18.00 30.00
9.94 145.00 56.00 109.00 37.00 -17.00 31.00
9.96 145.00 55.00 109.00 38.00 -18.00 30.00
9.97 146.00 55.00 110.00 38.00 -21.00 30.00
9.99 147.00 55.00 110.00 39.00 -23.00 33.00
10.00 147.00 55.00 110.00 38.00 -20.00 32.00
10.01 148.00 54.00 111.00 36.00 -23.00 30.00
10.03 148.00 54.00 111.00 37.00 -22.00 30.00
10.04 149.00 54.00 112.00 35.00 -22.00 29.00
10.06 149.00 53.00 112.00 35.00 -20.00 32.00
10.07 150.00 53.00 113.00 36.00 -22.00 32.00
10.09 150.00 53.00 113.00 38.00 -21.00 33.00
10.10 151.00 53.00 114.00 36.00 -21.00 31.00
10.11 151.00 52.00 114.00 33.00 -21.00 31.00
10.13 152.00 52.00 115.00 32.00 -20.00 32.00
10.14 152.00 52.00 115.00 31.00 -20.00 35.00
10.16 152.00 52.00 115.00 30.00 -19.00 34.00
10.17 153.00 51.00 116.00 30.00 -20.00 36.00
10.19 153.00 51.00 117.00 31.00 -17.00 32.00
10.20 154.00 51.00 117.00 33.00 -17.00 33.00
10.21 154.00 50.00 117.00 33.00 -18.00 32.00
10.23 155.00 50.00 118.00 31.00 -19.00 31.00
10.24 155.00 50.00 118.00 32.00 -17.00 32.00
10.26 155.00 50.00 119.00 32.00 -18.00 32.00
10.27 156.00 49.00 119.00 33.00 -17.00 32.00
10.29 156.00 49.00 120.00 33.00 -18.00 32.00
10.30 157.00 49.00 120.00 32.00 -18.00 31.00
10.31 157.00 48.00 121.00 31.00 -16.00 31.00
10.33 158.00 48.00 121.00 35.00 -18.00 32.00
10.34 158.00 48.00 121.00 33.00 -18.00 31.00
10.36 159.00 47.00 122.00 34.00 -17.00 30.00
10.37 159.00 47.00 122.00 34.00 -18.00 26.00
10.39 159.00 47.00 122.00 31.00 -19.00 26.00
10.40 160.00 47.00 123.00 34.00 -19.00 26.00
10.41 160.00 46.00 123.00 35.00 -22.00 28.00
10.43 161.00 46.00 123.00 34.00 -20.00 24.00
10.44 161.00 46.00 124.00 32.00 -23.00 23.00
10.46 162.00 45.00 124.00 33.00 -24.00 25.00
10.47 162.00 45.00 124.00 31.00 -26.00 25.00
10.49 162.00 45.00 124.00 32.00 -26.00 24.00
10.50 163.00 44.00 125.00 30.00 -27.00 20.00
10.51 163.00 44.00 125.00 32.00 -26.00 21.00
10.53 164.00 44.00 125.00 30.00 -28.00 22.00
10.54 164.00 43.00 126.00 28.00 -28.00 21.00
10.56 165.00 43.00 126.00 30.00 -30.00 21.00
10.57 165.00 42.00 126.00 33.00 -31.00 18.00
10.59 166.00 42.00 127.00 32.00 -29.00 19.00
10.60 166.00 42.00 127.00 32.00 -30.00 17.00
10.61 166.00 41.00 127.00 32.00 -30.00 15.00
10.63 167.00 41.00 127.00 32.00 -30.00 18.00
10.64 167.00 40.00 127.00 31.00 -31.00 17.00
10.66 168.00 40.00 128.00 29.00 -31.00 17.00
10.67 168.00 39.00 128.00 30.00 -28.00 18.00
10.69 169.00 39.00 128.00 32.00 -30.00 15.00
10.70 169.00 39.00 128.00 30.00 -29.00 17.00
10.71 169.00 38.00 128.00 29.00 -30.00 18.00
10.73 170.00 38.00 129.00 29.00 -28.00 20.00
10.74 170.00 38.00 129.00 28.00 -27.00 18.00
10.76 170.00 37.00 129.00 26.00 -25.00 18.00
10.77 171.00 37.00 130.00 27.00 -26.00 17.00
10.79 171.00 36.00 130.00 25.00 -24.00 18.00
10.80 172.00 36.00 130.00 27.00 -25.00 19.00
10.81 172.00 36.00 130.00 27.00 -22.00 19.00
10.83 172.00 36.00 131.00 26.00 -21.00 19.00
10.84 173.00 35.00 131.00 26.00 -22.00 20.00
10.86 173.00 35.00 131.00 26.00 -20.00 18.00
10.87 174.00 35.00 132.00 26.00 -19.00 21.00
10.89 174.00 35.00 132.00 28.00 -17.00 22.00
10.90 174.00 34.00 132.00 30.00 -16.00 24.00
10.91 175.00 34.00 133.00 27.00 -16.00 23.00
10.93 175.00 34.00 133.00 31.00 -17.00 24.00
10.94 176.00 33.00 134.00 30.00 -20.00 26.00
10.96 176.00 33.00 134.00 30.00 -16.00 25.00
10.97 177.00 33.00 134.00 33.00 -16.00 26.00
10.99 177.00 33.00 135.00 32.00 -15.00 25.00
11.00 178.00 33.00 135.00 32.00 -17.00 27.00
11.01 178.00 32.00 135.00 31.00 -16.00 27.00
11.03 178.00 32.00 136.00 32.00 -17.00 28.00
11.04 179.00 32.00 136.00 31.00 -17.00 28.00
11.06 180.00 31.00 137.00 31.00 -20.00 29.00
11.07 180.00 31.00 137.00 30.00 -20.00 27.00
11.09 180.00 31.00 137.00 29.00 -22.00 28.00
11.10 181.00 31.00 138.00 30.00 -20.00 28.00
11.11 181.00 30.00 138.00 30.00 -21.00 27.00
11.13 182.00 30.00 139.00 29.00 -22.00 28.00
11.14 182.00 30.00 139.00 30.00 -22.00 29.00
11.16 182.00 29.00 139.00 30.00 -20.00 29.00
11.17 183.00 29.00 140.00 28.00 -23.00 26.00
11.19 183.00 28.00 140.00 29.00 -24.00 29.00
11.20 184.00 28.00 141.00 29.00 -22.00 30.00
11.21 184.00 28.00 141.00 30.00 -22.00 29.00
11.23 185.00 28.00 142.00 30.00 -22.00 29.00
11.24 185.00 27.00 142.00 28.00 -21.00 27.00
11.26 186.00 27.00 142.00 30.00 -20.00 29.00
11.27 186.00 27.00 143.00 29.00 -20.00 27.00
11.29 187.00 26.00 143.00 29.00 -18.00 29.00
11.30 187.00 26.00 143.00 27.00 -19.00 25.00
11.31 187.00 26.00 144.00 29.00 -19.00 25.00
11.33 188.00 25.00 144.00 28.00 -22.00 24.00
11.34 188.00 25.00 144.00 26.00 -20.00 27.00
11.36 189.00 25.00 145.00 30.00 -23.00 28.00
11.37 189.00 25.00 145.00 30.00 -22.00 29.00
11.39 189.00 24.00 145.00 28.00 -21.00 25.00
11.40 190.00 24.00 146.00 32.00 -22.00 29.00
11.41 190.00 24.00 146.00 28.00 -21.00 27.00
11.43 191.00 24.00 147.00 32.00 -19.00 27.00
